RDA1
2 0
3 dim
10 track.ball
2 0 0
1 0 0
2
-1
14 0 0
3003
 0.793581034860616
 0.7886902644818131
 0.7410073795326035
 0.6324983454522835
 0.4474382815934865
 0.5892647751955435
 0.6780551096105628
 0.669155626618909
 0.6261777538763466
 0.5338519295393495
 0.414094294710696
 0.3523174628253767
 0.3085995375983179
 0.6291629621203565
 0.6625633972573594
 0.6553631371979241
 0.6146888007756345
 0.526301738231374
 0.4129531338725413
 0.6929151388010952
 0.8434523598715392
 0.9002543854446057
 0.9258577654332233
 0.9263967351267259
 0.9085221615208826
 0.821677114074055
 0.5866075408997525
 0.8200556415836017
 0.9070061932665338
 0.9361001303093435
 0.9442974255425535
 0.5785360303734598
 0.3262960305688495
 0.4042840798725252
 0.5076314244306082
 0.5680800185045023
 0.5507845390216666
 0.4951025836933699
 0.4196965787964141
 0.2411284537349351
 0.2231903796833979
 0.216800999038562
 0.6328054792945833
 0.8547298511368091
 0.929271311291734
 0.9526342098455721
 0.9590948641894552
 0.9508995065717537
 0.9471184265041763
 0.9270426646484632
 0.8630007560029055
 0.6828126287878944
 0.2336150109175541
 0.1970762105982165
 0.2421697995693668
 0.218162647467664
 0.8825657320390378
 0.9838351022810504
 0.9894864068942593
 0.985861620641991
 0.9482835033149216
 0.6947231059832599
 0.2732815015682484
 0.3816256471982881
 0.5667031950349144
 0.6773275921878111
 0.7363162521209738
 0.7469877794041359
 0.7253659262243938
 0.6570225175961949
 0.5341193626083924
 0.5086221360668216
 0.4561299284574111
 0.5422413862245036
 0.5938101171884644
 0.6052043010630859
 0.5860986511010534
 0.5261238283769905
 0.7479321018344248
 0.7132188309178566
 0.5791614161868155
 0.3486428466593256
 0.2486697001376043
 0.8825607160771434
 0.9854514070302974
 0.982834707426118
 0.9797696783998598
 0.9880345552766958
 0.9901241531557755
 0.9844255866025061
 0.7470670128815023
 0.8413055903256211
 0.8815211874764847
 0.8877063705130834
 0.8707770607523034
 0.8125196593249302
 0.68131448826172
 0.623605052859235
 0.5207226518063169
 0.3577954202955637
 0.2687146644512121
 0.2035126105708621
 0.1963234508293254
 0.8822988073381026
 0.9791380011888996
 0.9878169529786572
 0.981446887012432
 0.9304539286073946
 0.6091242617619063
 0.2537103750706137
 0.4671281130696477
 0.7031118779226629
 0.8195101909464714
 0.8664357245992272
 0.8812636487971789
 0.8663475317831597
 0.851143902473797
 0.7945801272274902
 0.6717633749826823
 0.4245263567307185
 0.2673682183286019
 0.3525751299705092
 0.8180686552613946
 0.937581611999731
 0.9689442610388024
 0.9310040603383235
 0.7713768160924939
 0.1900547840416723
 0.1919194030993342
 0.1999896419642812
 0.3721477137759829
 0.324154609391544
 0.2911230012572905
 0.6252121988407245
 0.8906978554711322
 0.7455875267722895
 0.4153933508404454
 0.5019757643058729
 0.5686726730278636
 0.5944822156610817
 0.5900543169646936
 0.5418174011267973
 0.3684731644296335
 0.5317703892176385
 0.6813029415170596
 0.756890149228068
 0.7894404202153008
 0.7833108658132234
 0.8938678380792363
 0.9715889433696876
 0.9841221468804275
 0.9698831178280111
 0.8711899321466964
 0.2143531467508705
 0.2345301700267601
 0.3169694045176996
 0.5681770243623596
 0.7682851051603193
 0.8540653051242647
 0.7836002652311903
 0.9558227196911525
 0.9806042839721467
 0.9664612867416182
 0.902101423217854
 0.8678155582578791
 0.7838036044594832
 0.5799452046868148
 0.2386359095585782
 0.350106880054292
 0.6409810840996119
 0.7883628199163473
 0.8559825004648611
 0.8778768269327775
 0.8750427556307269
 0.838763484228503
 0.7531623261769668
 0.7038464175176902
 0.6095403867945764
 0.4418732503519133
 0.3135479392124585
 0.470389307302109
 0.6630119177387472
 0.7632758770968419
 0.8106863687916197
 0.8177997585695578
 0.9115335339648656
 0.9422762343432122
 0.9518313409313516
 0.9436993007066845
 0.9157999835346711
 0.8301912049068307
 0.5890383460010541
 0.2335152099678096
 0.2414482663093342
 0.2615837980128005
 0.3097548786811367
 0.4855755939748257
 0.6959683642960961
 0.7022764492607967
 0.6756629784105161
 0.6020929580087702
 0.4788452181583607
 0.2949902233434533
 0.2367352478582038
 0.2789846569428848
 0.400252520585424
 0.5553794386432604
 0.9343600351797566
 0.9754593615938681
 0.9588558127520015
 0.8978115192937537
 0.646141595779429
 0.3002802002688201
 0.3340106657526845
 0.3812673772092204
 0.5342851215161682
 0.668297891546198
 0.7362373391070657
 0.7638922553361674
 0.8456333470724413
 0.8797747035621694
 0.8814371022246422
 0.8585749719305789
 0.7892434765319517
 0.8980719487012225
 0.9347589127054372
 0.946935054286647
 0.9402286558821322
 0.9142871453779375
 0.8352193014082493
 0.8717317775493448
 0.8744557486728818
 0.8520483225702681
 0.7834236855127186
 0.6351312411210945
 0.3458531268007195
 0.3457282336304739
 0.8996164433020938
 0.9794203016202911
 0.9730303958853265
 0.9520206700125418
 0.8752422159615261
 0.9441801897979556
 0.9645463241065799
 0.9708796883817404
 0.787014911538963
 0.2726500693632858
 0.2728393287534289
 0.2788470544335267
 0.3807467642083613
 0.5515091809832755
 0.6554053595049151
 0.7115348288835923
 0.8680801254579255
 0.9255983641181357
 0.9432387379662421
 0.9448294514994697
 0.9259838113976504
 0.8742223456531371
 0.7227388828798632
 0.4101126245419286
 0.7046542814203582
 0.4921640254275304
 0.2155337469321982
 0.2086268971886935
 0.2065527797484278
 0.6080929430514039
 0.825764339349639
 0.9076209126842431
 0.9349601224793647
 0.2546681092793105
 0.3604586669514704
 0.3217408526406006
 0.2602914565148511
 0.2351325692430767
 0.3221994161111686
 0.5823193303638438
 0.7306277641015445
 0.6611269441539692
 0.5255905340095591
 0.3759348947199583
 0.57118029752051
 0.4335847077552592
 0.693695430181834
 0.8283415269349468
 0.8817853704136277
 0.955551944908412
 0.9753432013542956
 0.9811739005506734
 0.9127571023059919
 0.3506356059876507
 0.3490548214542242
 0.347563670105479
 0.8952359783298187
 0.9737530546471005
 0.9628136724088917
 0.928341219996521
 0.8047406860705978
 0.4292358568990934
 0.4986944466239369
 0.5457839448693594
 0.5556453331647551
 0.5950059808508259
 0.5952968912168924
 0.5650983229887668
 0.4934553402577089
 0.4059290889197288
 0.3664749402608969
 0.333261560624563
 0.7269474789280561
 0.4169531105299141
 0.5148496604272416
 0.5897994353038212
 0.621273182810126
 0.6211347668922426
 0.5808850219011041
 0.5049872535605674
 0.5748324508853591
 0.6105356958602123
 0.6068228579000684
 0.5718036027786179
 0.4938342861801797
 0.9724478748231947
 0.9702787634029558
 0.9605916488183333
 0.9506402997201522
 0.9201923910169495
 0.8235328980820671
 0.5340499396232482
 0.4463632597096172
 0.3840267264485179
 0.3350083945917407
 0.6750011488274114
 0.8896185449332271
 0.9491775786458132
 0.9681911777686946
 0.9008395231881119
 0.950099381214992
 0.9642856067972548
 0.9674089916016121
 0.5734081156932204
 0.2239242919916616
 0.2941290361188998
 0.5721579305581221
 0.5603570651662176
 0.5190276298022205
 0.4379308681449439
 0.3622837766378267
 0.8884325296491871
 0.7077289691983605
 0.3709520542404212
 0.4360740566235454
 0.5182856138726187
 0.5606045372857019
 0.5732925281621729
 0.5485664380355134
 0.49358033861686
 0.3985738844641606
 0.3271025842014937
 0.2169929728032627
 0.2019935778404391
 0.9635070629882981
 0.9647492232583353
 0.9565076699316778
 0.9230871901601636
 0.9563837091968459
 0.9645647408131879
 0.9631918154988391
 0.8918119859839515
 0.552477436894155
 0.5433949824986841
 0.5061098869922099
 0.4309804655666014
 0.3614125664916522
 0.2158565022460215
 0.199923310324127
 0.1959111268485615
 0.7489196480380411
 0.9213658577373501
 0.9651300910065256
 0.9219760867643685
 0.7531322057550075
 0.7795398160526362
 0.7742686245843999
 0.727568510793529
 0.6315717699605518
 0.9671377881930181
 0.9862842822757703
 0.9806549735136573
 0.9523894359241547
 0.8211534097795095
 0.3919693656350077
 0.190989662734614
 0.1878655495759266
 0.3107125206546296
 0.2855137704655359
 0.6465712210916185
 0.9117626081992003
 0.9681081259107748
 0.9809062307036973
 0.9545912036704541
 0.7534923759390205
 0.7650990891806297
 0.744921610012226
 0.6783477433914731
 0.5553287669500018
 0.3524274091239317
 0.2557046044155874
 0.7358470481479881
 0.7495402485923215
 0.7235270989902112
 0.6581437914431221
 0.5297533924984085
 0.3833435292017283
 0.5893234837282951
 0.7482518544734297
 0.4154405407853396
 0.2454663685550137
 0.4901298704838372
 0.4400056900560721
 0.8632782902424883
 0.9592370315130816
 0.9367480264867367
 0.8727383269177988
 0.6634076511635073
 0.3359838176641972
 0.3895029026472234
 0.4577097102808379
 0.6773910002310678
 0.5482612742269598
 0.3369771265236723
 0.2483862125689711
 0.986475606255805
 0.9914061472476007
 0.9911362839151827
 0.9912207684099332
 0.9909295896357868
 0.9911419109799173
 0.9903087010471735
 0.9885532894397522
 0.9067246830701432
 0.2448723225101633
 0.29666861372986
 0.4338987145399683
 0.4867058427829782
 0.3332741294548246
 0.2456306881647022
 0.2204087887806661
 0.2123779736144646
 0.6802622727374107
 0.887595214656634
 0.9493657429572484
 0.9673232320224984
 0.9204810145869614
 0.720743506558765
 0.3377239573253228
 0.3751530047638245
 0.4134967334259406
 0.9757105484539459
 0.9811121830792426
 0.9843207838426629
 0.8902620340516822
 0.9662416739957315
 0.9470030762069779
 0.8885732516513458
 0.6840105902452567
 0.3452021159206836
 0.3988110917170791
 0.4631530529674877
 0.4944675147128366
 0.5153883671841485
 0.502211897020015
 0.4634747189584354
 0.3907204977532465
 0.3342517235614009
 0.502710921771242
 0.6838795955558018
 0.7754701943520768
 0.8173679780889694
 0.7876171334970274
 0.715574635579063
 0.5659085391006761
 0.382728534757423
 0.3749971328428021
 0.3644153986969544
 0.8766880025585787
 0.9735391818487489
 0.9642392441759214
 0.9353749519134864
 0.9483042758875002
 0.9470554441493517
 0.9246925148964056
 0.863936763226496
 0.6831824909201745
 0.6321177453735622
 0.5281546311744287
 0.4014813325361078
 0.6506583204583464
 0.5005962485151166
 0.5826361439400639
 0.6276649534775004
 0.6319282445408759
 0.6954003857339808
 0.7136873236957658
 0.7172822987303226
 0.6797280412535439
 0.6004354518525988
 0.4587300550408659
 0.3372142500390001
 0.5286829111139146
 0.7206370912096085
 0.8115481925549082
 0.8516012635706437
 0.7680937980072207
 0.5869784286063818
 0.6118832993978133
 0.6409881737562955
 0.6301308378214979
 0.5067209132940358
 0.3160091821874897
 0.244301923292906
 0.9835516218482664
 0.9834480355102067
 0.984580158557074
 0.9744316137154244
 0.9171449627732792
 0.5991290345022213
 0.2570388059182456
 0.4301382983106017
 0.2113096553678694
 0.2610156640273741
 0.5620170848556515
 0.7346584511382462
 0.8201779194554798
 0.8520290919389555
 0.8552654145139943
 0.824486962101896
 0.8844613653246667
 0.9027367479179782
 0.8995035010411107
 0.8658295691174112
 0.7834354299373728
 0.584867646767559
 0.3486164950977074
 0.449328804240149
 0.6323294222808122
 0.7322050397567614
 0.8104284715028574
 0.8382463322455139
 0.8372309774426
 0.7995193399416657
 0.7137569470261624
 0.8075944868059306
 0.8493398560057486
 0.8542767311642433
 0.8323387855714751
 0.7524732733096257
 0.5870603967343319
 0.4172491863137506
 0.3243414928092736
 0.2718141892537503
 0.5045919831284957
 0.7302950792013249
 0.5689587721805585
 0.3743583292232897
 0.5233206514145494
 0.3251849780747822
 0.4323620608068591
 0.5691390816205466
 0.6484094915961541
 0.687394638934315
 0.6850679260339321
 0.6492025984933288
 0.564779581772113
 0.4032234898817863
 0.6085376321981514
 0.7524937605855681
 0.8178992668457671
 0.8433345347030291
 0.834410988344345
 0.7790297884914119
 0.65109116079527
 0.4327566481200944
 0.6029938709543581
 0.7138322252236989
 0.7644233936569026
 0.7790672507065199
 0.7551902346246062
 0.6921908046084935
 0.7202202522268604
 0.7152575996330843
 0.6678889781049177
 0.5782920635986437
 0.4244686306464462
 0.3115035827052071
 0.4851085690616126
 0.6921322116988813
 0.5233847025331875
 0.3511224690731546
 0.5002759090691469
 0.6537826165398137
 0.7345716732649881
 0.7711701466680831
 0.7678577902906619
 0.7243600710814617
 0.6241044711918146
 0.454487340843154
 0.4296725508458367
 0.3956709456217249
 0.840662821945633
 0.8514541348757388
 0.8288698274740589
 0.7681487559791983
 0.6308906116705266
 0.4168809611433156
 0.5804493065945716
 0.6974991641333473
 0.7529059915165229
 0.7815479423747773
 0.2465987199990895
 0.28669804250763
 0.3772553974514714
 0.6732350943312566
 0.9779957393959752
 0.9795672313796366
 0.9103315001634219
 0.8964577235304374
 0.853288662103097
 0.7393289532101055
 0.4848524887724016
 0.2612622180853573
 0.2585510071136734
 0.2619589812146149
 0.2470284103291255
 0.2413480077265708
 0.5540962216249425
 0.8025324934695538
 0.6657362130326767
 0.3858820175677761
 0.2497284526120106
 0.6344284484587275
 0.950929388669037
 0.9890055855886922
 0.9907967742302407
 0.9885283517045839
 0.4443225638280412
 0.4600668838957022
 0.4553756180564272
 0.5920578390174098
 0.3798440917449371
 0.5187321357200894
 0.6443605117106018
 0.7893320217129758
 0.8558633357352349
 0.877146729227389
 0.8737134857358859
 0.8364691620633958
 0.7846062602457323
 0.6631240948167355
 0.4434883156760645
 0.6192735158697666
 0.7263742396599799
 0.7739972046161188
 0.7754648868098208
 0.736909521494183
 0.6530469709093845
 0.4942640561242895
 0.3448038330755397
 0.5105837766480784
 0.6806637174330493
 0.7671871828954424
 0.3387435181368568
 0.3649437995255357
 0.3941425422967914
 0.6275785629952985
 0.786471484918391
 0.8812363364025929
 0.9188190312180199
 0.9264082851830318
 0.9165489020237032
 0.8747351899451591
 0.7696482229846552
 0.5039357048477872
 0.2840800861108505
 0.3494366252964355
 0.2267254417275416
 0.3931770425429857
 0.8195321242703825
 0.9340538018568146
 0.9663214220318486
 0.9219504485601814
 0.7382967482429054
 0.6992193161885235
 0.6166621922513426
 0.467057626689985
 0.3369271466942566
 0.4721833065089354
 0.7377795442485848
 0.9824318844421839
 0.979935690226891
 0.9763272740497221
 0.3438821885107315
 0.3027625885540954
 0.2756044567166884
 0.7378520929143434
 0.9615521768692076
 0.9449884813585284
 0.8976137508906938
 0.7433365956440823
 0.4007631585526822
 0.4755649873500805
 0.5384036369652686
 0.3250987846358409
 0.2436735636228892
 0.2077577134866848
 0.2004889748115587
 0.7888681322819051
 0.9440516331851204
 0.9749277476095578
 0.951991250091725
 0.9833035067362497
 0.9758274527051174
 0.9452161132564818
 0.815187334361833
 0.7211393156011672
 0.9661186018270319
 0.9853300289437448
 0.9781248417833888
 0.9419899436957815
 0.7667347927404655
 0.3476143615797114
 0.3783782936378221
 0.4114620003068099
 0.3298610437870535
 0.2806541181201835
 0.5381523318517119
 0.8196251847387167
 0.9131375340923226
 0.946788952746825
 0.9545110282131639
 0.9800378023371854
 0.9650919428774262
 0.8978686121603804
 0.5756590372423435
 0.258075051142419
 0.4455480233713149
 0.7436936369942383
 0.6758442604297551
 0.4652604794590653
 0.2270582264322154
 0.2148043961131881
 0.2105752909598517
 0.6290112255184531
 0.8469682024174362
 0.9230488979905983
 0.9473861973740412
 0.9538259666817483
 0.958774173143716
 0.9772845448346436
 0.9826497635274144
 0.9247721384535429
 0.3576674826411675
 0.3548507999103644
 0.3514746438689784
 0.6207713987151564
 0.8226624512207468
 0.8407621731969038
 0.8311950969096464
 0.7817101279110332
 0.675640596881114
 0.4661724162263794
 0.302527687164107
 0.2701647628795191
 0.2524298502944492
 0.5879483128461606
 0.849281194142727
 0.932247201722866
 0.957615489132276
 0.9656911592533309
 0.987610963391828
 0.990073186670324
 0.9851717888290507
 0.846500095586278
 0.8488290766227632
 0.823423675695836
 0.7492441445198214
 0.5980259615232727
 0.3238429061230713
 0.233644529551021
 0.3385215446415787
 0.6425107124984349
 0.7944477911234471
 0.8630176033810051
 0.8855092691080791
 0.9061809804590543
 0.9000977452526564
 0.869455541275501
 0.7839019596614702
 0.5881453995805285
 0.2117034141329825
 0.1932310443326218
 0.2368971915108765
 0.5174732387664851
 0.6915085321197242
 0.7839819306693701
 0.9739414053912201
 0.9871257308289924
 0.9813219819967131
 0.9461267605135573
 0.7595022796875339
 0.3314381795021481
 0.3559277395721595
 0.3843267654815664
 0.4266828358725882
 0.4637529241513295
 0.4698821748180638
 0.4539919159169357
 0.5786214781023987
 0.6560559272630404
 0.6863213417389353
 0.6835260373587885
 0.4261132597236659
 0.5922885389712048
 0.6879130755647269
 0.7364584836043577
 0.7425310331102655
 0.7159541990582264
 0.8541757520117342
 0.9093064219550878
 0.9257414357294128
 0.9239434158418818
 0.8962116748659719
 0.824751757376217
 0.6353364982243302
 0.3649715104321651
 0.2687442679511381
 0.2340973607227465
 0.8417210212370754
 0.9768852280378264
 0.9875204272445924
 0.9815121790651407
 0.9399619313617453
 0.6956641120459373
 0.6259900010787568
 0.495270636846727
 0.3639491628408413
 0.5705458311044114
 0.2915739351020897
 0.3397023819371288
 0.4150739860942654
 0.6738108004978617
 0.9870128650967106
 0.9885299769919814
 0.9900530869042955
 0.9793852930816757
 0.9673831380254148
 0.86517973138159
 0.4103141948920199
 0.3514900728649057
 0.309373927017419
 0.6367692091710816
 0.8816342624062257
 0.8759367427324044
 0.8431187999211665
 0.7546829092457411
 0.7237063912410009
 0.6424120130958577
 0.5006184876128127
 0.28260956627638
 0.2267584115216754
 0.207114459339673
 0.2015929119240649
 0.7192426412336038
 0.9067213962129458
 0.9590294397543448
 0.9172859405740625
 0.7805572005552818
 0.9238045195200747
 0.9636232636861584
 0.9772619350780647
 0.9819920398829908
 0.9012011089905205
 0.31176208414123
 0.7744034827660774
 0.960153322148584
 0.9494218021847748
 0.9171301203837887
 0.8148669785012657
 0.5108195464394578
 0.5398003226166627
 0.5412957801430471
 0.5066930094381029
 0.3525774517012182
 0.5208852961395144
 0.6860183661685243
 0.7693411414815279
 0.8065269659293716
 0.8052629242659746
 0.7726116986838436
 0.6872042346017139
 0.5286253696925808
 0.6206597659810158
 0.6707592007754175
 0.6784189511788382
 0.6534266955320595
 0.5828741369515461
 0.6910638390914887
 0.7413321045942205
 0.7556030447857314
 0.7303844242076892
 0.665919785376059
 0.5379647640594653
 0.3877133888401076
 0.3262230566923889
 0.2861372547583095
 0.5837760361910148
 0.8603624293856501
 0.9388284565910621
 0.9641061786580675
 0.8985852173818956
 0.9171849684665995
 0.9109208835225771
 0.8814000919956979
 0.7974093809698896
 0.5975771489787575
 0.2001222591185705
 0.1896640024058635
 0.2110523029056633
 0.4824377810946613
 0.6599739571739874
 0.7587538424530929
 0.7642355315266011
 0.7375320513966027
 0.6619641116504891
 0.5263968956578763
 0.3108256033003151
 0.2379738511587041
 0.3108487848845501
 0.5264745079935391
 0.6620601506612377
 0.7376293492872105
 0.7791294973069176
 0.7868293427391797
 0.7701834321398962
 0.7170333013110239
 0.6221538714476188
 0.5454084569785372
 0.4157278364793999
 0.3872626914275444
 0.8449658449868391
 0.9626291469543383
 0.9472106975127474
 0.9028040737557176
 0.7575863168488588
 0.4111848294406541
 0.632392916579304
 0.7756277067764146
 0.8382977065105058
 0.8887744694359054
 0.9019414435329929
 0.8939905645740331
 0.852583890529279
 0.7538734833944566
 0.5236451789160846
 0.3104623906767514
 0.3974433637839981
 0.5221685578175901
 0.7746015395850548
 0.8786666393107927
 0.9159714973829101
 0.9341179996373277
 0.9301849795934362
 0.9069203803879469
 0.8361672753343017
 0.6539509911839976
 0.8252263250128655
 0.895217430007772
 0.9184025413689704
 0.9209455158143554
 0.898529203510277
 0.8391414750757233
 0.6823908785778539
 0.6792428697309324
 0.6341906406309399
 0.5478390184862417
 0.404151046921471
 0.3049787276620032
 0.4904544996906731
 0.7123582945370661
 0.7217379937588968
 0.6984099731767376
 0.6283704856035324
 0.5605468115873724
 0.4411574615901153
 0.3404297060824893
 0.5670658875677436
 0.7707148350928418
 0.8572318278081493
 0.9408598530137091
 0.9651640394214867
 0.973000527505423
 0.6084645767089106
 0.6137869091352252
 0.6313033809389809
 0.7739875026607432
 0.8468822863561744
 0.8074446011679587
 0.6921960648593035
 0.7424712926411106
 0.7350799724763368
 0.8451689916419187
 0.8724574437216978
 0.9356758098216185
 0.9353976698572851
 0.7767057097170553
 0.7056255623472556
 0.754693056407078
 0.7438133833020041
 0.8498995913969024
 0.8732800548463473
 0.7203123410713441
 0.5027723517088688
 0.433657083431573
 0.3504858783868923
 0.3745014633151059
 0.3886742503786333
 0.5688042818362691
 0.7640997195298487
 0.571142736553957
 0.3918091303441166
 0.3495137418614115
 0.30386976181546
 0.8151793388107199
 0.9265723175063516
 0.9143801203527806
 0.8138864023341816
 0.822512708308218
 0.7879413115428576
 0.8684780748355034
 0.8683697836191586
 0.9662671657429605
 0.9746648533218752
 0.9752029675135935
 0.7299219966645607
 0.5177389343520754
 0.3423880687651323
 0.3014985346047939
 0.2607890255426876
 0.2851402358802386
 0.3184173543807671
 0.3476991145047975
 0.5038133208687667
 0.6879579874722235
 0.9722127387737708
 0.9803565360783377
 0.9701120284402591
 0.9747796886524301
 0.4387053110786804
 0.1744755033109008
 0.1436175889685191
 0.1626319696312391
 0.2927161330718055
 0.7185660055794255
 0.9511066139031166
 0.9240856493052977
 0.77761712820448
 0.7350119351746525
 0.6362288485623883
 0.6639807148577666
 0.6474657383462665
 0.7532465197553142
 0.7983058629157268
 0.8606157268520402
 0.8415739779604736
 0.839801598134748
 0.7590355040895356
 0.7955470548772786
 0.7644539925861086
 0.8500099343487858
 0.6239058790935655
 0.7001824366442176
 0.7692375738490396
 0.9370541033928621
 0.9628862374326047
 0.4686591175450675
 0.1696192935257105
 0.1800270538068791
 0.1962163963715974
 0.1488607903609339
 0.1383533181695722
 0.1711115592849941
 0.6248384477188773
 0.5393068950308088
 0.4405742788625265
 0.4588255946048278
 0.4592454460461571
 0.5818283615302655
 0.6892984634832295
 0.7811825142743095
 0.8063199968623378
 0.9335904462574277
 0.9529583926664951
 0.9789738743531325
 0.9805176975905666
 0.4391838575173471
 0.1991617902179865
 0.1555600884428674
 0.1874480324984167
 0.3395317858851896
 0.7925446086196694
 0.9604581385284209
 0.8357115369212852
 0.7103467854075122
 0.5370719162817658
 0.49787511290728
 0.4410335599858273
 0.4980287580692471
 0.4910379238409938
 0.6061317675520174
 0.6977177457540056
 0.9051413940725678
 0.9534966744237943
 0.9355785443573631
 0.5390388037162794
 0.3455158642098275
 0.2338454343969533
 0.3628837285813052
 0.5976674843717494
 0.9817607694365436
 0.981318729875036
 0.9797085521551921
 0.9005554492645762
 0.9458230211829697
 0.9434818659096557
 0.7798946999899156
 0.4238022776188828
 0.6655550477594321
 0.8715168988092401
 0.8645163359004741
 0.7763102050417836
 0.8036044442416389
 0.7616879483564971
 0.8400756896107725
 0.9028149686160596
 0.846482558881095
 0.6893087738706145
 0.652653135708978
 0.5760780869195603
 0.62064726242605
 0.4178147007182037
 0.233237490851217
 0.1765601509525567
 0.2402367812885959
 0.458545790030244
 0.9759416079193127
 0.9719918310118937
 0.9313049842658787
 0.8224455848512824
 0.6012382605273
 0.5188358818084181
 0.5831980980758346
 0.2912230927942384
 0.1927359067878369
 0.2536615775127005
 0.4017537935112491
 0.4954629884436555
 0.5829525007785401
 0.8141756793227926
 0.9673194835407525
 0.9365069395714257
 0.723435231777502
 0.6142080366133729
 0.4834579889665713
 0.477385979773454
 0.4519497110581422
 0.5432573963880362
 0.6182154309439213
 0.7096178343813343
 0.7476434705962045
 0.896784528547984
 0.9329955303790144
 0.8821331874392426
 0.7052445311832496
 0.6451622404254845
 0.5489507853459221
 0.5743726757720461
 0.3823570652811492
 0.3324864065354245
 0.2823890256886544
 0.3284215732603686
 0.3731922174465664
 0.5562866126258023
 0.7624010633911201
 0.9693815889725728
 0.9702923000068867
 0.9563888073146838
 0.9348413401429084
 0.8738502897136021
 0.6759480649939347
 0.7111740270355479
 0.6943064712107097
 0.7979083866707307
 0.8296373618762626
 0.9553418240770247
 0.9681004662860196
 0.9601487861882059
 0.8822102810819202
 0.7850044935945891
 0.3541439983159548
 0.2126222415889688
 0.2810668605003854
 0.4102166487409391
 0.7626159564385551
 0.939323063871412
 0.9423801277164942
 0.8948108759720992
 0.8448947214268624
 0.7007193872182459
 0.6758992872880016
 0.6062522807345599
 0.5324861279067326
 0.4436771793268766
 0.470771589211182
 0.4793307775046945
 0.6130743667819609
 0.4097088801982229
 0.3530887346163566
 0.2965400546801732
 0.3382389491620544
 0.3764717119395361
 0.5486980369033471
 0.4576254885295353
 0.4836318901354811
 0.4896330311530159
 0.6205046408951354
 0.7280907597582789
 0.9380895090767141
 0.9161150833833812
 0.434980509349448
 0.1976400210725487
 0.2271451052155446
 0.2818265307318759
 0.482205333402168
 0.3041911071423107
 0.2608538841091168
 0.2278943544927125
 0.6159367201882539
 0.9513650527959505
 0.9619171852537013
 0.9487951628796775
 0.9244488553983109
 0.787480461023146
 0.754656329482013
 0.6611608773497344
 0.4949987094043082
 0.3510926243246525
 0.3297432728504905
 0.3024068078611749
 0.3755223843779067
 0.4533645406601666
 0.6903360881312027
 0.8753130409981338
 0.708814371749762
 0.8224983703055178
 0.9755889287502657
 0.977893915535562
 0.9781064150907575
 0.7487111319270798
 0.5628459376287649
 0.3905415291043501
 0.3525550484376498
 0.9599813012546111
 0.9325632699447012
 0.9289066310044182
 0.9653963011313311
 0.9687446824643231
 0.9464923006497999
 0.7670705946531391
 0.6819683902361336
 0.7068428104297926
 0.8503403842440954
 0.8981936777260439
 0.8203590644359544
 0.8578767722146989
 0.7195597264445718
 0.5247881929880134
 0.4701181228972008
 0.2711072684714333
 0.2169932142288612
 0.1902915101761029
 0.4066503722054089
 0.9133438678220863
 0.9369003969765854
 0.9150848469446887
 0.4439366399197793
 0.2185310303647632
 0.2671830056791658
 0.3446157683752299
 0.5925559774086487
 0.8612184182004688
 0.8664167743683712
 0.791098212780259
 0.8309781842720724
 0.7581855622688956
 0.8030001037367868
 0.7786772262259153
 0.8694167926819835
 0.8782695711239861
 0.9302106005385874
 0.9229175736887258
 0.6858960513574074
 0.870381790200726
 0.8568979880128743
 0.7618670260835152
 0.7830414174930644
 0.7389454995350129
 0.8135042646491243
 0.8153835213936648
 0.8177996868095221
 0.7469069931637924
 0.7943110634521237
 0.7742189029657862
 0.8692012085899008
 0.2228687951662876
 0.2386327345599955
 0.2569940987032944
 0.3077332457774732
 0.3634759540822463
 0.5661103553893881
 0.7983481135304464
 0.8477548176255639
 0.9230883826003197
 0.9219847241460247
 0.7371524258709514
 0.4258174159706842
 0.3122198036541238
 0.2360925282782806
 0.4324388144881246
 0.2874801216013994
 0.2618167489675591
 0.2383886072039003
 0.818800732051861
 0.9728895693759605
 0.9556079136986663
 0.7739811693272109
 0.8278026476644078
 0.8073142799681433
 0.8987200308215715
 0.906550343409656
 0.4280183311735146
 0.7057396067174033
 0.9012941202897252
 0.8996241932890849
 0.8077481618973672
 0.8276347814676194
 0.7732184626729858
 0.8356764334993851
 0.8217242921715379
 0.916888555053413
 0.9261544213298303
 0.9760668653253159
 0.979240380774318
 0.2493217470152442
 0.2601019048133894
 0.2681279425815928
 0.382594993901734
 0.2685163426543222
 0.2607857245192183
 0.2501704202451762
 0.4507837410859094
 0.7868633367458134
 0.8390542998101284
 0.8147491566170467
 0.9020801861713913
 0.9070690790348029
 0.9754913565824933
 0.979715132678071
 0.9806048876647384
 0.6228383243416301
 0.3867264231560795
 0.2448736922383892
 0.385267737515943
 0.6182484611556653
 0.6253840271434722
 0.5942956483997237
 0.6852362418709169
 0.730888880738327
 0.2510680539048027
 0.1649564099915708
 0.1915494388955117
 0.28072747834503
 0.5695611118556834
 0.8878162130175229
 0.9815005979205725
 0.9821535636050254
 0.9503335032617943
 0.9459465927028742
 0.762251142615757
 0.3818714965831726
 0.2472973769244939
 0.1914474459722331
 0.2952382733342904
 0.6178532978803321
 0.6429958311603537
 0.6271407609330645
 0.7340690290460796
 0.785037069892076
 0.9356343166780317
 0.9594596254520613
 0.6763248198175501
 0.6221658135697538
 0.6895086581804017
 0.7093559119348241
 0.847748573036012
 0.8934755152819158
 0.8074016796642093
 0.6235605690137498
 0.9093556434868559
 0.9643588638409355
 0.8712993027147522
 0.8528478034869743
 0.5033370043415824
 0.2604325133964367
 0.347771777845659
 0.4559095808627951
 0.7476199058980471
 0.9214609633200079
 0.9207864081370865
 0.8406059561262547
 0.7349534048997727
 0.7895393418665617
 0.941321195149935
 0.9630187543973181
 0.1588646525650214
 0.1257841531221764
 0.1265750842044614
 0.1278270722323889
 0.128182828860169
 0.1286676226261105
 0.1328936932915708
 0.1505627486426348
 0.3923880115641012
 0.9646260061876843
 0.9548207869153705
 0.8576334888942603
 0.8254545450163727
 0.9229108851002479
 0.9642846418308648
 0.9752992474934814
 0.9765168505882841
 0.6902366880823552
 0.4590408520486381
 0.2896077782285782
 0.2503521058933412
 0.3628269978111021
 0.6924223019032413
 0.9205214731298615
 0.926737630759899
 0.8728886194275604
 0.2117276236666763
 0.1891927394590969
 0.1755576301494784
 0.4538408026159567
 0.2417471314612334
 0.318760576122562
 0.4277579197760605
 0.7287868062207515
 0.9164090244413011
 0.9167851976992486
 0.8377291285229332
 0.8688404733052073
 0.809434280379755
 0.8643789329363007
 0.8375666672339812
 0.9202693616430677
 0.9223896106386588
 0.8640882716646963
 0.6869999727055267
 0.6304305865587202
 0.5399910711933552
 0.6151653399165767
 0.6572164574739933
 0.8240108460292029
 0.8938721485269451
 0.9268008431798068
 0.9052738189016876
 0.4795684192585745
 0.2192521168553483
 0.2619875750827408
 0.3273463974070495
 0.3148647647594724
 0.2962008177867531
 0.3786943564734576
 0.4706425922272089
 0.7295643787109742
 0.7304613720439324
 0.8487473214583864
 0.8813641080533532
 0.7587596602758131
 0.8178468840429454
 0.8122488618645585
 0.7339303046231883
 0.7744538072952175
 0.6764755924024158
 0.6997041600520606
 0.6555354656776494
 0.7327890525326807
 0.7542935805309308
 0.8882636007676825
 0.9207973398590581
 0.848417767937539
 0.6522091325088873
 0.5831845186856536
 0.490328152341625
 0.639410189952093
 0.7638412272024666
 0.7904128512139574
 0.7234295461734442
 0.7759193874340358
 0.8144031003856316
 0.9485815446200303
 0.9648807716148997
 0.1793787204245203
 0.1766448140395913
 0.1742311397798196
 0.2210530630715577
 0.3702482885695181
 0.8001400918377269
 0.9587794675557435
 0.9024828398898063
 0.9768202964296936
 0.9652002848223926
 0.7807003301332371
 0.677617710412483
 0.5361572851131327
 0.5221773920478174
 0.4845913564234866
 0.5647180251374124
 0.4352878628192848
 0.4284594455066272
 0.406904074400917
 0.4989298576933608
 0.5833970690743724
 0.810640763438941
 0.9144905306986676
 0.8930651454915156
 0.7302954613344304
 0.680272055488179
 0.5492923017736461
 0.5440560997437035
 0.5119966113450619
 0.5995922582359926
 0.6589968156082269
 0.5886550792479459
 0.4938242138054898
 0.5184872308261148
 0.5190911260805642
 0.6577482431756263
 0.7637840657980884
 0.8701656044240146
 0.945758812667547
 0.9517059821424211
 0.8629891544333291
 0.642451958292942
 0.8219040339841208
 0.8991809471670792
 0.851741718280033
 0.9271457232626049
 0.9014175274757749
 0.7759997324653581
 0.7606854675588707
 0.6838240794103214
 0.7277914061382323
 0.7167702702095853
 0.8247863952064252
 0.8801579435394169
 0.7929958877919244
 0.6189478709579266
 0.5742307711611299
 0.5029492171562373
 0.5499281349975471
 0.5886754905803532
 0.7583876659943717
 0.8585170315805457
 0.7972266146748533
 0.6589232655040442
 0.6438001706433382
 0.5886309256805491
 0.654622303349596
 0.679441106067464
 0.6929673859732048
 0.6575276441803055
 0.7436127449708818
 0.7698310504703659
 0.9051685191652734
 0.9339940621417677
 0.8741101206116788
 0.6794950000947335
 0.85170229034537
 0.9130660189503074
 0.8655029155311645
 0.712994271820073
 0.6777119243162718
 0.5979072715609782
 0.6396940066093931
 0.6484801039110459
 0.7807829098712411
 0.842576289103522
 0.9027051063069446
 0.8853320077114274
 0.5403096320640273
 0.4905566297443822
 0.5582562525007961
 0.6013949342236879
 0.7753007254255022
 0.8704344367910012
 0.813815747908901
 0.6745221558153776
 0.6572521364045171
 0.585667782385402
 0.9638445016517225
 0.9578686641718572
 0.8973622540095596
 0.6964345307071402
 0.2046998599332084
 0.197043625650091
 0.3848932652977839
 0.4414613411718622
 0.487697488262215
 0.6725109929417215
 0.8264486458056989
 0.9565617305432718
 0.9658649903854374
 0.9561863291203402
 0.9688832444251084
 0.9661729352413432
 0.7858281543967545
 0.5955474666714813
 0.7029203397087853
 0.9223127792661781
 0.9623875365153765
 0.7724035904451615
 0.2850524503888565
 0.1422665294242166
 0.1321730401697785
 0.145545509398973
 0.8494020628960322
 0.8875706304624958
 0.8420347903726116
 0.8053953266981453
 0.8957203755839392
 0.8545490325359897
 0.7207130467049447
 0.6129601964942849
 0.4836465760082592
 0.4787278187549544
 0.4542392692051831
 0.5467881885457
 0.5819814301164994
 0.7478718330913375
 0.8500720604695863
 0.7846264654219691
 0.6464459319508256
 0.6322407900542227
 0.5928916604044041
 0.6751652519026259
 0.7136038603770378
 0.868956445538149
 0.9166311390293542
 0.8594512654427521
 0.6898790496530999
 0.6404993002374253
 0.9199679692484812
 0.930813612300028
 0.8863618371147993
 0.7779885919341869
 0.5797148813498073
 0.4711477636405292
 0.366545824701969
 0.374472860182648
 0.3715562943984427
 0.4831256463111865
 0.5996682365116194
 0.8633732473371381
 0.9465665624272598
 0.9367577627516582
 0.9719121560894657
 0.919220399725421
 0.5370419086789263
 0.3549517324216145
 0.2415201911434361
 0.3853291533438216
 0.6341577521497962
 0.7141846956836708
 0.7423317343938033
 0.8839050307312172
 0.920952479744841
 0.8331143033567776
 0.674212989105787
 0.1846721514962172
 0.1951973261841938
 0.2095021676243159
 0.9171437846021387
 0.9529017011937861
 0.9501491913208076
 0.6741334711787201
 0.2545088452642513
 0.3246898897612256
 0.4106017384437597
 0.6680718870945288
 0.8818591096278204
 0.8793485289563026
 0.7956837470927163
 0.945498202699445
 0.9651594523259391
 0.9780794297995777
 0.9795936134776617
 0.5767819121486266
 0.3274064305408021
 0.2144939793502474
 0.3035244006513468
 0.1805777815433292
 0.2148038087864382
 0.3013387360544611
 0.5780795566146746
 0.6517084155866115
 0.2549645972519939
 0.1702771097604807
 0.204081772574353
 0.3101280734516615
 0.6410415816164482
 0.9150562880152426
 0.9254227761681744
 0.8743498694544989
 0.9438437548666381
 0.9480316613390959
 0.8424324067844901
 0.5369145629274289
 0.4057944139683101
 0.2969511804872539
 0.2954976059282312
 0.1951107903262878
 0.2588264084399462
 0.4101053976911073
 0.817217047100282
 0.9582444611220687
 0.8949609823963801
 0.6284518984641333
 0.7363782728274529
 0.8366621744669546
 0.9717934696289047
 0.9765520863073318
 0.9770257672015946
 0.7328857360761744
 0.5303575043774275
 0.3569936744018286
 0.3176190190734267
 0.2764016979887284
 0.2615902654848556
 0.208070446405055
 0.1836651511799281
 0.378499663241153
 0.909279316099557
 0.9347159860233626
 0.9128647063074237
 0.7834399411528047
 0.5327340545857709
 0.5401548128537133
 0.5207301630686054
 0.622665119501531
 0.6943261525039994
 0.8843730906476526
 0.9382765069937892
 0.9626735436930912
 0.9610879196318735
 0.7631640952186698
 0.5266407224284425
 0.3351485174632037
 0.2852676142816447
 0.2433040307670574
 0.1516457956323966
 0.1387928916205426
 0.1667606227154206
 0.4981675445437401
 0.5273700939837681
 0.5316788523234933
 0.661429713344494
 0.75602747937048
 0.9459300227569312
 0.9693311501316474
 0.9407657075002565
 0.7222060818018728
 0.6063054565822578
 0.4721469063958439
 0.4630568639162433
 0.3935031980750473
 0.4339824976795105
 0.4614757445985536
 0.6198994360044894
 0.7630262911982744
 0.977230776411862
 0.9811529424413951
 0.9714162248125481
 0.8082222257077862
 0.7216649403119879
 0.5827369794789964
 0.2232042205610215
 0.1599458154324963
 0.1881010832138111
 0.2988069119538913
 0.6496069584762776
 0.9238843043733805
 0.9343055760190732
 0.8928395046772196
 0.904124852416473
 0.8374260423517618
 0.8824039311020627
 0.8428777611000103
 0.8151185848224157
 0.7111029854151441
 0.7266076511059797
 0.6873177360342076
 0.9043939559879028
 0.7601131700457049
 0.7250984702007904
 0.6360805133891797
 0.668968470893203
 0.6568435278592218
 0.5186537899407564
 0.3870407109339875
 0.3761201379013078
 0.3549359077614215
 0.4419612303708978
 0.5298306354763488
 0.7716556161097167
 0.904939078091945
 0.9630719893404287
 0.9691538656371997
 0.5053626990094178
 0.2099381918605205
 0.1574744159124825
 0.1871057217741409
 0.3155167183694194
 0.717653592478066
 0.7352247974087508
 0.8683820731635276
 0.9055539138194304
 0.8208012175532693
 0.943281006124487
 0.9403390558544715
 0.8717485327050392
 0.6959311786130821
 0.1606374839356603
 0.1455344701886105
 0.1389652678270984
 0.1979415908605922
 0.2384638607508602
 0.4685982881588355
 0.8751694594140044
 0.935987588527686
 0.935025082511833
 0.7704718155604532
 0.4403724371466988
 0.4809409592068634
 0.5032728323266548
 0.6552079835347394
 0.6491377389042585
 0.7657654700188786
 0.8178344792562553
 0.9590856536154648
 0.9719004219340961
 0.9782162021512032
 0.9793354574641641
 0.6535956271017727
 0.4199511910022788
 0.2609528186310351
 0.3963170432109818
 0.5868540797331564
 0.3808577889340557
 0.2490077017311648
 0.2081766676838886
 0.1866735810580951
 0.4316838709116345
 0.9338682785651881
 0.6317423631618986
 0.2581150386378546
 0.3114756730924866
 0.3702809238287031
 0.5785316765088656
 0.8120674765595151
 0.8413755080869709
 0.7938971919990404
 0.8617549931684478
 0.9122325208819841
 0.8532359270386918
 0.6850711928355896
 0.6379066195682631
 0.5544207127546406
 0.5918450737895836
 0.5962314245966021
 0.7257713672106109
 0.8016261424244826
 0.7835285300673994
 0.6985903906835289
 0.7340031148573725
 0.7132893518772664
 0.8120777999345508
 0.6804761733204575
 0.6702988533314697
 0.6155288048194835
 0.6822293979830746
 0.702763118632204
 0.8425524102517081
 0.8906310362325307
 0.9451100491832185
 0.945675711922086
 0.8114285815956065
 0.4764575356622678
 0.3421100203387332
 0.2476954042216907
 0.4371093730878024
 0.3701603079943765
 0.4107517778516014
 0.4407903090056332
 0.602399481520645
 0.7563492636536374
 0.9796744054122717
 0.981832443740865
 0.9773719691264418
 0.8277365258536636
 0.7506576928541776
 0.6120306948713452
 0.6440234949027773
 0.6349588660584833
 0.7489004252178962
 0.802959508688972
 0.9502964418673537
 0.9675936225873387
 0.9502888425561177
 0.8029132000919832
 0.7488153864525254
 0.6348570350067767
 0.625895889649534
 0.5792784243395376
 0.6368879172161782
 0.6557810832977184
 0.7823406931181264
 0.7913336233756808
 0.9092240787192987
 0.8909265409518796
 0.5335461213531095
 0.2516733158362295
 0.3181425079810485
 0.4003471658906275
 0.651843703724129
 0.8745480936920951
 0.7740737893096772
 0.5927001499405897
 0.5439768304030665
 0.4273852186000371
 0.4301330696630981
 0.4175807797058329
 0.5212698554702652
 0.6174346901523815
 0.8515418804532987
 0.9344992971473287
 0.9173801484503337
 0.8054683742276761
 0.6314991472612743
 0.4456317546864184
 0.3993489894354074
 0.3305064734579578
 0.3649803681937419
 0.3919856981152426
 0.5472503581670852
 0.7128545821854528
 0.5636355467796306
 0.4152335071916642
 0.3937196702194795
 0.3617797849620879
 0.437224641859958
 0.5091885211979855
 0.7303060380432277
 0.6911431044553726
 0.7725991801994598
 0.7898057518296859
 0.9144390449377506
 0.9371234608515752
 0.8711162728235323
 0.6603605121152989
 0.6913840488123243
 0.6736708836690678
 0.7773480437398294
 0.7816600648523159
 0.8971375421372348
 0.9190476042136753
 0.8232134260680787
 0.5984349889997831
 0.5135802686291903
 0.3131433668382649
 0.2585572292842629
 0.2210501300089624
 0
 0.03511832692239515
 -0.2288320447254638
 0.02981926768239612
 -0.2873836759817953
 0.02828852697572839
 -0.247196027727592
 0.03109866505321343
 -0.2599208622149467
 0.02629625247236476
 -0.2595070788680897
 0.01957509394469098
 -0.1726195951207834
 0.02970197954457282
 -0.2512017324321301
 0.03061942215394725
 -0.2624868168534455
 0.02602239185797517
 -0.258556870015891
 0.03191773363805339
 -0.1892302274592451
 0.03851721014514869
 -0.1412340158685819
 0.03921406790147318
 -0.1533616937766109
 0.03617193900883267
 -0.268408665236337
 0.03612089684048703
 -0.1543546913933588
 0.03945491458445474
 -0.1263548177471464
 0.02790532450696033
 -0.1870685459020744
 0.02152622273558976
 -0.282664573348126
 0.0275306601338017
 -0.275290539501105
 0.02488503868119857
 -0.2641755110599823
 -0.09047006801402999
 0.01464507138349226
 -0.0444578336017612
 -0.2584010529389858
 0.03719243782845902
 -0.1386551130590669
 0.03983335114023279
 -0.1101186888856951
 -0.1203543696080629
 0.0397123986358929
 -0.1403467979472866
 0.03744105839313848
 -0.2459282851583579
 0.01504716717512455
 -0.007875873585371812
 0.0153766203071128
 -0.04700657231263397
 -0.1691608071089515
 0.04033348812172635
 0.01704812923291538
 0.04034485591759274
 -0.1227829905984245
 0.03197970666857969
 -0.1439216102270252
 0.02067796287105569
 -0.2723216676289924
 0.03138133221953824
 -0.2303285243288376
 0.03374711421507835
 -0.2337357284206867
 0.03067722034450595
 -0.2782521441447972
 0.02537899520785664
 -0.2893073244583144
 0.02659990292566063
 -0.2669356631403533
 0.02885545790401878
 -0.2685115721839464
 0.02601593208637071
 -0.2265811666445951
 0.03261065223403686
 -0.2698992570929474
 0.01943637795178643
 -0.1049450999158958
 0.03801597005570059
 -0.0107153929392034
 0.04032614259053788
 -0.039376428014422
 0.04035074562259944
 0.02263891978490665
 0.04033731177663066
 -0.226865141695618
 0.03678283103681992
 -0.1697489347089152
 0.03816377190494088
 -0.1756158613378835
 0.03588259925795452
 -0.246329446725973
 0.02950622714782569
 -0.2805280423695946
 0.01978170549718776
 -0.1402238601499912
 0.01388418786415816
 -0.006492100288992018
 -0.1693114109147726
 0.04029089158825463
 0.004327388543703098
 0.04031430374051101
 -0.1377448841615639
 0.02899443189495141
 -0.1146787239031523
 -0.2887517152098873
 0.032266570708403
 -0.1998919800199787
 0.03754340269310358
 -0.1698934379983885
 0.0375407819475288
 -0.1855688945691222
 0.03530866436728841
 -0.2488451632879898
 0.02228069068307176
 -0.1391342074781071
 0.01958481719168681
 -0.2005014797126593
 0.0394906117869962
 -0.08039484940977426
 0.03932987622993023
 -0.218566661958612
 0.00499706496844321
 0.01343477243848487
 -0.01323993734673387
 -0.2247353152737594
 0.01850950595017813
 -0.1583962336628896
 0.02956287111204432
 -0.1644656795327556
 0.03370042022770677
 -0.2605890618722788
 0.02513636828886315
 -0.2719445835079713
 0.02847441760213815
 -0.2677076247696268
 0.02658457374469994
 -0.2217039908030492
 0.02622080588836145
 -0.2463325316420777
 0.03407618597715345
 -0.2119383417444423
 0.03494371391226697
 -0.1625766401156982
 0.04018952578972139
 -0.01816901524761365
 0.04016250326254284
 -0.1753962957755101
 -0.03988366093861517
 0.01508243327066977
 -0.1794475491089922
 0.02753414144957265
 -0.219660081186606
 0.03717233287103454
 -0.2141275384679387
 0.03990036021850893
 -0.03561051095034971
 0.04010467957116823
 -0.1575021003912084
 0.03758435749147424
 -0.2140520765429971
 0.02795572857284546
 -0.08570833933518013
 0.01949165650249451
 -0.2564853119566876
 0.03510771899584664
 -0.1832002505520125
 0.03788011417849013
 -0.1733252275136349
 0.03670447921663755
 -0.2248470399416568
 0.03229163475981939
 -0.2636091002624453
 0.02292465878468342
 -0.1766551162814068
 0.0239778896930728
 -0.2510883274318129
 0.03428730043618489
 -0.2035697588630336
 0.03604974632419455
 -0.1513594763704089
 0.03960161185030497
 -0.1194719071224544
 0.03963458165419331
 -0.1484518743406011
 0.03643854976036243
 -0.2679149967442862
 -0.07596039543525523
 0.01534885153928597
 -0.1299783284259409
 -0.1735614700706167
 0.02453596754665106
 -0.2423267408479122
 0.03223805334837507
 -0.2478266806467037
 0.02874502386084053
 -0.2870698605320131
 0.01740020979670429
 -0.08208477080623593
 0.01678897173058207
 -0.2479978623262267
 -0.2744478532774545
 0.03941260097569667
 -0.05719105052867726
 0.03996186031896026
 -0.1601773296043919
 0.03029754427188411
 -0.1658432482971658
 0.01888306247641935
 -0.2322685586084559
 0.02631194845475507
 -0.2497404022808182
 0.03338763166392379
 -0.2211940196785832
 0.03691565935958731
 -0.1707250172547892
 0.03798349132716762
 -0.1819093821416201
 0.03513624263720708
 -0.1600169004908932
 0.03942233636871037
 -0.1240080599534938
 0.03955360827826215
 -0.1494926951592571
 0.03659484736298116
 -0.1751074534643378
 0.03778013309833267
 -0.1851300915818275
 0.03494738338228004
 -0.2578607223029303
 0.01933100210506727
 -0.2029904984678254
 0.03849949904337466
 -0.04091814810635622
 0.0402113150725464
 -0.1192914516824723
 0.0378031723174384
 -0.1264576590350802
 0.04007043545640957
 -0.07387011491888809
 0.03506402342946133
 -0.1434101669853262
 0.01655383336204909
 -0.1484320017040709
 0.02064498238311004
 -0.2751584031025134
 0.03062089327514778
 -0.237874928371454
 0.03759219963005134
 -0.1414271455083905
 0.0396239474271789
 -0.1258865764822643
 0.0392035694881413
 -0.1737696280501955
 0.03293315346706382
 -0.2561927310637464
 0.03231919053671717
 -0.2850806954525896
 -0.04208854990706357
 0.01408217767036846
 -0.02537301591250296
 -0.2639216049124301
 0.0363002252507354
 -0.1539532166051364
 0.03942723924533287
 -0.1165334945739064
 0.01988207659212832
 -0.1833447425429069
 0.01607294084233202
 -0.07903426521608958
 0.01843532121414754
 -0.2692710535930006
 0.03319917231974559
 -0.2515639184329674
 0.0259965667570442
 -0.2278619587049482
 0.02764187262380705
 -0.2757748083043029
 0.03194448659550724
 -0.196080767173773
 0.0379935658778689
 -0.1158504620781026
 0.04024406230220818
 -0.03296843995507026
 0.03885803617224762
 -0.2070208949006033
 0.01945193472818847
 -0.2044974770382762
 0.03837711349998565
 -0.06363314649733946
 0.04003840279968734
 -0.1393648142198068
 0.03563483997286343
 -0.2721385957639382
 0.02501643458904423
 -0.2761946836177701
 0.02708359274753724
 -0.2666880873206506
 0.02850341569377185
 -0.2726273330251475
 0.02482474116118101
 -0.252713543773362
 0.02010862517449896
 -0.1927689922850595
 0.03307521145000061
 -0.2618886078209741
 0.02560596214629784
 -0.2677597069798894
 0.02942398360899312
 -0.2610577523741915
 0.02798933240816226
 -0.2830858293539627
 0.02777275037463028
 -0.2633934464703186
 0.02891286232016158
 -0.2713406164580797
 0.02483861467086556
 -0.06837127242471708
 0.04016888454576156
 -0.105913726457712
 0.03979032534726376
 -0.1453657260791228
 0.03623025389713593
 -0.278264175938594
 -0.2864814297193571
 0.02076803509183825
 -0.194199752817678
 0.03130096027672977
 -0.165101098624244
 0.03975824948672263
 -0.08286230374566711
 0.03853342946491871
 -0.1211046881789957
 0.04006567712770436
 -0.0853856833652078
 0.02772172520784902
 -0.05782557613636349
 0.01736736561065839
 -0.2712719152922657
 0.02725318399942905
 -0.2808094956752888
 0.02277851895746271
 -0.2166031856849512
 -0.1657948987170155
 0.03242396748993712
 -0.2237487032051445
 0.02270964528224816
 -0.28093225055894
 0.02726208502166801
 -0.2710514455505633
 0.02682837219761399
 -0.2848642430808999
 0.02131281856589014
 -0.187728227126112
 0.01440569915048938
 -0.0169372716869805
 -0.09743103220704816
 0.04007412300832583
 -0.1148933582450948
 0.03912940075630053
 -0.1150181486132881
 0.04007077073092836
 -0.09836812182003227
 0.0382805489504902
 -0.2749814012039861
 0.02664160215510102
 -0.2829073948848722
 0.02252056875371397
 -0.215885716620785
 -0.04269172836694249
 0.01374513698128713
 -0.005734515232018816
 -0.2262560110005677
 0.03908490538328274
 -0.09252449558509546
 0.03910071436697664
 -0.2248571122585415
 0.03482088141382195
 -0.2175333980733396
 0.03309614672904997
 -0.2586861871108901
 0.04011646741145317
 -0.005718158660034861
 0.04030676595486515
 -0.1189388298332958
 0.03615546250846383
 -0.241127327996887
 0.01339869434226454
 0.008995153166409475
 0.01799894681941594
 -0.1538406013651066
 0.03031256566279461
 -0.1512055104390028
 0.04013307752715423
 -0.03421756854855679
 0.03987475183088846
 -0.224736605162953
 0.03434741395468602
 -0.2275659484920566
 0.03141655027276787
 -0.2744572088560544
 0.01957924290224801
 -0.1185427450671678
 0.03337453865821577
 -0.2260511361733222
 0.03295978338929102
 -0.25231119671546
 0.02614765862994212
 -0.2339855598340894
 0.02829062038479596
 -0.2264760010427454
 0.02194244130897466
 -0.09878382276386419
 0.0247029380496093
 -0.2811505233957825
 0.03744934787749202
 -0.1097233946794641
 0.03947056380737692
 -0.1745688024998521
 0.03089926670193607
 -0.1949988906254519
 0.02097330253897215
 -0.2896263932028589
 0.0313835216663671
 -0.2757484412067362
 0.01899536157445039
 -0.1043990808612698
 0.0403472480800427
 0.0359471559793509
 0.04034370787911994
 0.03378798421508659
 0.04034489769049161
 0.03289916696243493
 0.04034777458040895
 0.009656741635674815
 -0.1545380130974929
 -0.0976432990782099
 0.01746420630638801
 -0.2760375051467205
 -0.28590595781257
 -0.1927792851932267
 -0.09909941756061041
 0.0145376637354776
 -0.03619995636119917
 -0.2466101269519107
 0.03816059576461581
 -0.1217867845406002
 0.04011966929469796
 -0.1451594690137124
 0.03286569001851156
 -0.1964249122574676
 0.02043493944704571
 -0.2590094776642862
 -0.0562168925872305
 0.04031118392514481
 -0.01709131333929322
 0.03823658728321881
 -0.08908059196139725
 0.0397098069062774
 -0.165712819415428
 0.03161176222393366
 -0.2025586312316023
 0.02132168855837629
 -0.289308065478842
 0.02486179479632845
 -0.2814089137134171
 0.0251449952766488
 -0.2892633105406908
 0.0210189118776083
 -0.1935799356392463
 0.02516322521910697
 -0.2456414791622962
 0.03468794030757913
 -0.2007964925644865
 0.03508355151985526
 -0.2366843233955887
 0.02745270476972958
 -0.2334768741658586
 0.02042908321195069
 -0.2183591765960187
 0.03784544120078766
 -0.06442026590849373
 0.04006482863210875
 -0.1338582662276382
 0.03973890092139645
 -0.1238993997141899
 0.03917061742829714
 -0.1791893398820905
 0.03158324581451969
 -0.2585601282787743
 0.02608965094096188
 -0.2490181693377927
 0.03045534364371119
 -0.2837778536704951
 0.0280519192638165
 -0.2595823840937612
 0.02979923014823849
 -0.2424852086310211
 0.03262655976061658
 -0.2361765381381773
 0.03146417680276423
 -0.2655531256234666
 0.02354808173574419
 -0.1960071643565936
 0.02610882119138426
 -0.2351710659179127
 0.03585175485594282
 -0.1853472171523557
 0.03444599321066556
 -0.2683335684863429
 0.0290921390390299
 -0.2564836307210511
 0.02973602916267815
 -0.282810017702237
 0.01820027415948744
 -0.09654877960509256
 -0.02120098626260025
 0.04033077142871005
 -0.01566592821232571
 0.04023149883661503
 -0.147517192458858
 0.02863971805651983
 -0.1211320966781434
 0.0224892870248995
 -0.03421020361408517
 0.01610072393167439
 -0.2732101587792954
 0.03333464723833535
 -0.1996084819284846
 0.03711061470556443
 -0.1835545913777635
 0.03626019041441214
 -0.1680850074523247
 0.03858584604018134
 -0.1591305308566657
 0.03752538266358929
 -0.2141886713023753
 0.02813162660931923
 -0.2053621401531003
 0.02320068077375814
 -0.2585112006709711
 0.03325222213156134
 -0.203675378457365
 0.03668851058044019
 -0.1921035147561911
 0.03546757565305265
 -0.2372218741813506
 0.03572593674434959
 -0.1864388770067172
 0.03717873130704771
 -0.1943104445412417
 0.03392965596752814
 -0.2683169607368663
 -0.2621353417566965
 0.01851659536548946
 -0.1427332129346751
 0.0252319221007983
 -0.2322166630108509
 0.02756219293562429
 -0.2265600706057021
 0.02591411091327209
 -0.1861599792392695
 0.02257187485135276
 -0.2718549631436049
 0.0303768111025704
 -0.2446900872184704
 0.03164815746455885
 -0.2545120151450496
 0.02741215598421526
 -0.2504651904597111
 0.02897364567604405
 -0.2250703741420316
 0.03605288816242773
 -0.189285360076148
 0.03656978080782403
 -0.2158095350836355
 0.03047045129107015
 -0.2750821513549102
 0.02877701244845171
 -0.2371996720267137
 0.03432514398839248
 -0.2157958577196516
 0.03401983957746224
 -0.2433755809470579
 0.03284798714892399
 -0.2367782999048451
 0.03105476521950836
 -0.2700711811921362
 0.02227854369752037
 -0.1749874562525483
 0.02451883494838731
 -0.2433917549447235
 0.02591643831043078
 -0.2074209650691274
 0.02507424998077327
 -0.253391907254597
 0.0333317337714589
 -0.2186401141200649
 0.0344382316322854
 -0.2340428214117533
 0.02952383259983124
 -0.2889748329073981
 0.02247198471426547
 -0.2441961074883628
 0.03676304254598065
 -0.185418578402635
 0.0363973302164874
 -0.219708037580966
 0.02976274954876565
 -0.2618284848609707
 0.02797375429492893
 -0.2418982789261582
 0.03394402937538134
 -0.2148861615961381
 -0.1009596351545891
 0.01708375309768301
 -0.2289527247547342
 -0.2484621745850226
 0.04027779868176146
 -0.04027218392254944
 -0.1521635111931214
 0.0384113807791292
 -0.1845253886841306
 0.03349124240430001
 -0.2861829833814954
 -0.1293511076921494
 0.01600615719778894
 -0.1307103521698465
 0.01556352024895156
 -0.09089003451171282
 -0.2746843441813719
 0.03556419360426831
 -0.2503962673056336
 0.02083760351195743
 -0.1069856509812185
 0.02988707502698862
 -0.1203262161494318
 0.04035079032629399
 0.0291897178339835
 0.04035099218126905
 -0.2847693712835742
 0.0235974211071274
 -0.2891547306925463
 0.02838807832215694
 -0.2310919183576741
 0.02574727875101128
 -0.2556799469206111
 0.0351391094393699
 -0.1832592154835399
 0.03785882929803576
 -0.1740443367512755
 0.0366335608953379
 -0.2137536698696867
 0.03088941796301747
 -0.2840697200825882
 0.02935340357991297
 -0.2334269072378224
 0.03463972629869426
 -0.2171029441254363
 0.03341017441560894
 -0.2535728381374333
 0.02485434733120896
 -0.2022317276249045
 0.02545052755142126
 -0.2465031452536703
 0.03441617056430624
 -0.1972606511118909
 0.02005099361216051
 -0.2429286933614652
 0.02964621542484716
 -0.2130569401635184
 0.03797768055407644
 -0.1463411981129586
 0.03921436128334935
 -0.1479325193865041
 0.03778832290543657
 -0.2191794218799085
 0.02520795830877326
 -0.152676938565979
 0.01946635112070475
 -0.06310574394612255
 0.0211108963772328
 -0.1998826796186588
 0.03940511245743539
 -0.08883077503057951
 0.03910005093420044
 -0.2296994926469412
 0.03213360110712671
 -0.2620521641957083
 0.02385518808897909
 -0.1957718771230761
 -0.2880338219665179
 0.03343933924874615
 -0.02690332494577141
 0.04029946488589581
 -0.05379494128027673
 -0.2014753552937274
 0.01769640737591333
 -0.1458036270821544
 0.03344177056405145
 -0.1031632630365308
 0.03966415997524828
 -0.1602989912597868
 0.03362527695373729
 -0.2484218217333284
 0.02416831456909219
 -0.2775047716978296
 0.01854532071475488
 -0.09534372542132385
 0.01404854048348009
 -0.0141606289685214
 -0.2121548860814424
 0.03964269316068489
 -0.0592302267719389
 0.03981956752698632
 -0.02249174188633218
 0.04025054382094947
 -0.1255446748906829
 0.03596715335178839
 -0.235019634387998
 0.04009864526277253
 -0.01142103118527771
 0.0402793245863271
 -0.1283570178571422
 0.03440128253297047
 -0.2045391047875644
 0.02055607581527369
 -0.2573156195966886
 0.01872586956518804
 -0.1498974151906079
 0.02645198899620599
 -0.1998432101885526
 0.03886820582309108
 -0.124139741274881
 0.03987307249415784
 -0.03817964756717912
 0.0400803204472181
 -0.1601421808325501
 0.0278023518775955
 -0.123145526539659
 0.02306076447154748
 -0.227964878020962
 0.0313300965816648
 -0.2890139997815861
 -0.06373393284643758
 0.01432110817088672
 -0.03284352388683442
 -0.2592747115085735
 0.03695648311627198
 -0.1433047394730167
 0.03971840565764923
 -0.1175505279978654
 -0.1110072876713151
 0.04026919120286519
 -0.02581771642831637
 0.03917265457430907
 -0.2128029538673099
 0.01967067043441945
 -0.2077103817709867
 0.0294062772841778
 -0.198547018199919
 0.0367661022164528
 -0.194819937747416
 0.03489161614872807
 -0.2478325599979208
 0.02382257097740872
 -0.1676728807012741
 0.01645141852955995
 -0.1122015214603112
 -0.2681368031256233
 0.03702705437320876
 -0.1363474463351335
 0.0399369905727737
 -0.09079500841159255
 0.04035018779737213
 0.0221724665313278
 0.0403415568233761
 -0.1877942643844113
 0.03701327668955912
 -0.1982196970422752
 0.03382227384109632
 -0.2660590155978221
 0.01849768095823082
 -0.07620600498217915
 0.01905380290193265
 -0.2561217673942227
 0.03530439770989131
 -0.1796605550346018
 0.03810085437020834
 -0.1548911351852679
 0.03851286407078008
 -0.1763156229395132
 0.03496293580660724
 -0.2680967509919908
 0.01420119987586611
 -0.0008167280663891469
 0.01517362267856241
 -0.2810663285284874
 0.03186948274002249
 -0.2139858526436386
 0.0402245545447962
 -0.0003572967452246945
 0.04031315100359789
 -0.1247340467102291
 0.0341626499064214
 -0.1912760447646771
 0.01971128668338699
 -0.2347989698065483
 0.02236087687563133
 -0.289224564883674
 0.02395921876621897
 -0.2888744019900325
 0.02790838145989005
 -0.2528303075912628
 0.03169127999816365
 -0.2457366191380543
 0.02233970143534922
 -0.2672494253060678
 0.03174600730094333
 -0.2302834827201615
 0.03359836036196363
 -0.2365716905302694
 0.03717567558614737
 -0.1528441005434992
 0.03919739836705716
 -0.1426501514335756
 0.0384044877972389
 -0.197646240580458
 0.0299189597143199
 -0.2188174159315597
 0.0163970055577318
 -0.07706627292874205
 -0.1900375353910158
 0.04026421289248872
 0.002283442069512948
 0.04031490079584474
 -0.1300798524757766
 0.03201194175091507
 -0.2599634894070302
 0.02489118891602182
 -0.2179750353452446
 0.02761912150026256
 -0.1587626651762182
 0.01909847483306781
 -0.2603230335456962
 -0.2483119001712098
 -0.001096762688789943
 0.04035099224496647
 0.02198953044078739
 0.04029360126476988
 -0.08546842329147553
 -0.1785488077280052
 -0.2563604469865796
 0.01954386859176271
 -0.1732508826977319
 0.02996924554563629
 -0.1696854264599859
 0.03782349122600751
 -0.1893862335583006
 0.03400301170082023
 -0.2342418733002171
 0.03016704090384786
 -0.2837743723451996
 0.01692755381212601
 -0.06316797169843265
 0.01402364365304759
 -0.01619751880491077
 -0.2355902783748586
 0.03869504910733222
 -0.1103003179187381
 0.03897825657551604
 -0.215250425694943
 0.03914785208084022
 -0.09708434560423387
 0.0402689120726173
 -0.02906213587108403
 0.03854343976612046
 -0.1751982910350605
 0.03465302968561931
 -0.1071551435817227
 0.03976363423781992
 -0.1475275558442458
 0.0359570107776245
 -0.2821520946043881
 0.02651162187300517
 -0.2769948139142174
 0.02530861386574045
 -0.2086167979745812
 0.02582558955911288
 -0.2450637917487872
 0.03448699370617858
 -0.2052606306562382
 0.03565152778793323
 -0.2181266865387057
 0.03172164060587576
 -0.2791966086811098
 0.02940233770992341
 -0.2491055210543595
 0.03141900795837367
 -0.2534794943670297
 0.02806042277755248
 -0.2436861667048042
 0.03355827648160956
 -0.2240275187293739
 0.03319098375250004
 -0.2503494328634315
 0.02644520012220067
 -0.2376019474110102
 0.01858795887560127
 -0.1543467502737326
 0.02809264207650599
 -0.1810102395232501
 0.03952041344271563
 -0.09563609674585244
 0.0384708079136071
 -0.147489253860848
 0.03880877419074361
 -0.1698169052735856
 0.03539977125445862
 -0.2661528553087844
 0.01375284644687168
 0.005711270369769705
 0.0141760151002326
 -0.2865414998567659
 0.03077992870281707
 -0.2229597163120891
 0.03431895052975734
 -0.2299428441514253
 0.0308491166037797
 -0.2795752772469731
 0.01800324713027124
 -0.08444541250423288
 0.01800412866955264
 -0.2795621318258449
 0.03085245400895689
 -0.2299119139421273
 0.03480749554463945
 -0.2129227383332529
 0.03451466009173703
 -0.2362507473001594
 0.02945505277862819
 -0.2762620342562577
 0.02195314677211578
 -0.2372288061256754
 0.03689521913109609
 -0.10002833363583
 0.03971447006999997
 -0.1570571589372033
 0.03409924395934594
 -0.2570849428834499
 0.02981556244781899
 -0.2170442184006779
 0.03669009735421391
 -0.1655953423292007
 0.03856390566090967
 -0.1625028088153361
 0.03712744790525166
 -0.2246089366680283
 0.0259259027229818
 -0.1741383576539389
 0.02127053862261181
 -0.2802868090826116
 0.03465951356773465
 -0.1713396515036109
 0.0389435568358722
 -0.1348667259035355
 0.03930947178374555
 -0.1544106088003331
 0.03662421529543707
 -0.2533504406680019
 0.03628336963665128
 -0.1617618234182181
 0.03900760553129931
 -0.1448266000920252
 0.03846924732329929
 -0.1912292725707903
 0.03155597615924716
 -0.2468812124959635
 0.02987872305238948
 -0.2758247345703151
 0.0215212538111923
 -0.1696690743631412
 0.02471483269642899
 -0.2376334451272867
 0.03289932237538959
 -0.2416424007987938
 0.02967409166657726
 -0.2734864074032023
 0.02289813466904958
 -0.1986431886717902
 0.02749425936935279
 -0.2188017525264435
 0.03726796301738478
 -0.1293211846226907
 0.04008161913456748
 -0.06638383460742514
2 0 0
1 0 0
1
-1
13 0 0
2
 1001
 3
-1
-1
-1
-1
-1
