RDA3
A
3
262400
197888
5
UTF-8
1026
1
262153
10
track.ball
526
3003
0.4749927208950587
0.5193115852680773
0.5846513661773132
0.8204612001281802
0.9078131018818767
0.9369702070383399
0.3349341101507183
0.325392379599346
0.8394270307756453
0.9047929034296689
0.9297141384438564
0.9302822134667963
0.913109906909374
0.8565621833349666
0.9046533062594319
0.9172849931900945
0.9109404276607473
0.8742595972052974
0.7834323923922433
0.5571482732193417
0.3213250052338305
0.4040457055906478
0.5161678047373546
0.441422591528471
0.3590099001009695
0.3048410312038982
0.5861945607737417
0.4922391092206476
0.3471254537972023
0.2693081750028365
0.4415101987375557
0.6990174333775269
0.8195161138327122
0.8727169444900736
0.9825456051826413
0.9891347922436429
0.9850787081269465
0.9472733089972274
0.7014662511550732
0.2796191532623779
0.2927096763125817
0.313141826518189
0.3829988545748975
0.4841828422496074
0.4153508916177469
0.3544335127125258
0.6187523423324947
0.8172559535259318
0.8927786693446967
0.9223066585725755
0.9251402415149932
0.9098377377700273
0.8570561775206418
0.7250844963102903
0.643701983169727
0.5015263076944428
0.2826257026565622
0.2266544345591118
0.9837276975699754
0.9914197448612497
0.9911851440004271
0.9912959288823209
0.9912803107454876
0.9915087621939142
0.9894472342361788
0.3079309815069322
0.284901715890072
0.2703666408247071
0.6055266138249233
0.8830054608779204
0.9434124180545533
0.9614607602972162
0.9663161823326065
0.6750377773328345
0.6957693135681653
0.6761201852612405
0.9698826478743493
0.965712684932383
0.9501659212144297
0.8966420111925226
0.7247090011489108
0.2181680354085417
0.1924543652022563
0.2153590854957026
0.4033138613268408
0.4891104694414253
0.8272909084127221
0.9299385505560583
0.960169179508267
0.9701459694745015
0.8527000389890127
0.3513180809854028
0.5403947952152204
0.9833040570278648
0.9814708393093465
0.9799000391645989
0.9806810526031244
0.9818196358779637
0.9719241972984435
0.9309626913907736
0.7503264142665995
0.7990176812586153
0.8066530788900037
0.7841177311961535
0.7142417946490741
0.5796492913122743
0.3479263348990791
0.2482020434242085
0.4131977297490835
0.4555545612622783
0.9778850108709208
0.9831849517067299
0.9863301200627143
0.9830375089906472
0.9769625525881973
0.9666444409579107
0.9321370117785325
0.8021202820775717
0.8163226075043661
0.7942505081455319
0.7338169074058313
0.6032241963304994
0.4139611173577206
0.5982416588999295
0.7267733206303341
0.4482360351174761
0.2635007839407239
0.6365089481307168
0.9273829555805677
0.7694690957366634
0.3805820124583214
0.4298901115914063
0.9698247728999699
0.9680264010210144
0.9572880605050073
0.9176466505942654
0.9830192337309946
0.9783089119633406
0.9647233449923504
0.8947614580505688
0.4084542226315741
0.3512460891594401
0.3099933265766232
0.3106137328153686
0.3569076473046831
0.9697285900320407
0.9760932512900524
0.9788260987011699
0.9716852325273306
0.948195982387893
0.8621225301429986
0.5379042249505255
0.4804438214679769
0.2851802797032039
0.3629859956749449
0.4946020691476558
0.5782582697436435
0.6248641658831711
0.6306291521189874
0.6047766963956517
0.8098466074684478
0.6533535273382411
0.3276878846815146
0.2280517706145531
0.4651398542733878
0.904866933212201
0.975063715771425
0.9854770214956888
0.9498904128902038
0.386582781561484
0.3829966568768003
0.3750056509979524
0.8998670277295594
0.8651402834040237
0.7704382241698697
0.5545729580663146
0.2034497995154391
0.2022915635932457
0.2035889869649055
0.5520334279620619
0.756330093954471
0.8502249367511698
0.8853388448413442
0.9873051644125561
0.9853960376292065
0.9844028726016529
0.9768675652997199
0.9424357626294279
0.7847886416749646
0.3678878201655357
0.4045573312869515
0.4005455472850152
0.9377602739623134
0.9828450871307575
0.9766711766101529
0.9538434894350634
0.9546768939290028
0.9425628914803397
0.8988426219488946
0.7745132615783358
0.7269222244434826
0.6295454564839817
0.4518428669840827
0.2250797117647531
0.3166370656372635
0.6435944890943341
0.8034946173773471
0.873617064094074
0.8969708595481864
0.8972957367676552
0.8681433637997368
0.7954021318051886
0.7311197486333058
0.604106537022751
0.3779812176835601
0.2589757352404418
0.8948304075592863
0.9849967855838632
0.9820285351573406
0.9119651176497824
0.225850767177375
0.2589532002429151
0.3722296822571253
0.5999300486524937
0.9386046828214188
0.9785507105019782
0.9663857318049158
0.8233202062258111
0.8487709374586196
0.8464766267150583
0.8079511514618904
0.8081455581832446
0.7697787583071346
0.6845034430781216
0.7233601014028945
0.7281181529601286
0.6919844390330665
0.6139722574777499
0.472077444199149
0.3443089252281601
0.3016145788109292
0.273676824133757
0.6005703993620569
0.8901640132560549
0.9581706220779856
0.9758651522826607
0.9391862527891086
0.7151866944043626
0.4696522522088198
0.2849710255216004
0.3683932672565667
0.2634840695739809
0.2699019425543229
0.5252069148437153
0.80119470350222
0.9028798370537595
0.936921541195743
0.9478680591580309
0.9402149990079883
0.9126586056330929
0.829031308577742
0.9835053789025288
0.9807010058445139
0.9765704684007672
0.9898327185131826
0.9910396967506538
0.9890789959191923
0.8955318460303938
0.2290499952456988
0.4362985353283608
0.8689256788427043
0.9589742830747027
0.9783449003087614
0.9536510619860685
0.956707910696596
0.9425726899785061
0.9020538815444444
0.775845500274454
0.8782618465818813
0.9375036911110957
0.9585434597257187
0.8526733674910614
0.4232438349162096
0.4679197288489945
0.4311057076000837
0.8825114124133174
0.9669929885719737
0.9504047006236636
0.9005721393233986
0.9509796816452862
0.9676139622737226
0.886824574036575
0.8986138069167068
0.8830097802912114
0.8359266554390609
0.7158767171488764
0.7353685249054909
0.7149280912092576
0.6570512579113059
0.540562272198254
0.3980746493637948
0.6223023201818638
0.77587699459782
0.9052737076299667
0.9750427828693942
0.7598435807056449
0.4453049249041374
0.3944180663362244
0.3351603569604706
0.6450203694914896
0.8637405231292831
0.9320474700566559
0.9563661429168494
0.9600825044379463
0.9525468865884787
0.3666882485348008
0.3114634527685854
0.2190240965672814
0.3699690843922655
0.2685538147430566
0.4047411868347093
0.6290780866885775
0.6509309806934761
0.640749012662287
0.5885516160338181
0.496709014390748
0.3537349893082255
0.2743744119075219
0.5887864800624647
0.8795710874846363
0.8369189538179492
0.7378314243631571
0.5165946607722816
0.6429007600375046
0.7082468604576486
0.7345438861171762
0.8384932080027022
0.8831395225159884
0.892396478958945
0.8793324144393917
0.8282270161300614
0.7107895880078567
0.4540264650478877
0.2740732463731499
0.7576437225391294
0.9657226881177624
0.9584032255167853
0.9348040771247876
0.9133986301022272
0.8559460861551288
0.9688436895733086
0.9841140787943017
0.9723758761672973
0.9875833828708738
0.9831639933464017
0.9590557179608393
0.9566389537559837
0.2396995992491208
0.2917880897590425
0.4486586421270758
0.7808514949297606
0.9374659304848828
0.9736163846865231
0.9824222018178285
0.951618220407088
0.983106868418435
0.9754014098616549
0.9439396971865257
0.8101011270488538
0.3986650487218501
0.4449847929022215
0.4815191607760132
0.4857956523830065
0.8277952422334782
0.9489926263923445
0.9752654402610187
0.949289404999714
0.8303116328142663
0.2981365005677527
0.2047507038523719
0.2556890021087583
0.6429545283418097
0.3439075366382109
0.2357637756118509
0.5488240411106675
0.9289277131491184
0.9823943885668718
0.9883123136947312
0.9810035720729915
0.897570714112521
0.2139529757530303
0.1890675748569019
0.1965446476424622
0.2043541045301964
0.4537154232399918
0.9322126668796672
0.9790664202023958
0.9690602848260649
0.9537209589177722
0.9001506298928333
0.7212154350071243
0.1864495727976524
0.1867109744056051
0.1876231785529006
0.4593698590166374
0.6448624401736235
0.7499731756435087
0.7452877846646233
0.7066836815153419
0.6150488882561539
0.4612293884098979
0.2361646771758663
0.2072967123105578
0.1958812961888373
0.1930191150492875
0.7518285831458141
0.921655984429527
0.9650521190921585
0.9812603023174788
0.9858776177670368
0.9563768812814504
0.9668561191012132
0.8290477448399802
0.339456443808391
0.3522816205845959
0.3659978513066071
0.3266004281856924
0.2982142958861317
0.6643413622412312
0.9125651356681238
0.967152534351801
0.9801475572532713
0.9508778611886639
0.9340297616163156
0.8782925937169783
0.7197093820400527
0.2971479857294195
0.2120004317447898
0.3124224745524763
0.1910155672674624
0.1991995883068742
0.4578827485576986
0.9079303118971501
0.9721855985214268
0.9573698482738109
0.9097064375776684
0.7338250351434873
0.7490726084000512
0.7246622504598795
0.6614039906697544
0.5359850663191165
0.388717833032085
0.5985237427311885
0.7547025807057797
0.7001829771504227
0.5941682636741218
0.4100457955243582
0.2888377078539867
0.4261272880449734
0.6273715868300583
0.7447887786708428
0.8028277718311922
0.8484187372061041
0.8616013827640852
0.8426433923260725
0.7880380930755592
0.6601340697758946
0.4352746054374013
0.6014506569901671
0.5971209486765795
0.5532636121320165
0.4752746473255936
0.3538332684155067
0.2836899703211525
0.2525213960306377
0.2384757731184227
0.6168438006378477
0.8599194965251171
0.9363551393603528
0.9595445929716598
0.9723498989891325
0.8978212891175953
0.4225899362575242
0.4491537713329704
0.4594731835964002
0.4397082387123661
0.4459094801175253
0.410466192497292
0.3727339256144186
0.7902464774864478
0.8616325939168015
0.8856060842649526
0.8852749091659589
0.8535908234895198
0.7763657637138746
0.5964879213175663
0.367133528281827
0.4847340279991738
0.9280164291662758
0.984064367799644
0.9904384761118541
0.989035516501105
0.9870234222161889
0.8374471154149511
0.8229638810844427
0.7741852059452099
0.6602744928595006
0.453062196185212
0.3959688980863981
0.3474160659438343
0.4748933482433281
0.7466295228201673
0.8636273022573976
0.8059086995487111
0.677820640872707
0.4133534573871124
0.2596645072169819
0.6959850288882213
0.9596844761128372
0.9525359823291933
0.9657551691563484
0.8500562279493642
0.7624066768253122
0.5600756548172015
0.3396250914132106
0.4435001540244911
0.5665921027016045
0.6365255992845863
0.6688817043538434
0.7594083030870208
0.8013243124503507
0.8037066520343874
0.7751968419858358
0.6962798691064824
0.6359173726964376
0.5180636098426998
0.3852899495313898
0.6108183176494875
0.7745943409255226
0.8459636545182609
0.8747683171974803
0.871744808486959
0.9292072929656359
0.9467864368217586
0.9488234297666599
0.9314754548210515
0.8832153923987613
0.7390657359877183
0.418558001113996
0.5114802415570068
0.5818487940453644
0.6939107620470193
0.7526010201400815
0.8006352001735061
0.8139537699812187
0.7907831811140882
0.7287149648652269
0.5958455313091719
0.581334787706999
0.52690924995499
0.4420356547242238
0.794484761699297
0.9154383434836664
0.9522551474185922
0.9648073337843966
0.9220987352599713
0.7576033683548365
0.8905640384866316
0.9379079258055766
0.9514435592130871
0.9511870581896202
0.9312216572421066
0.8762653098952246
0.7090891660997799
0.8292631438603389
0.8769885345386594
0.8927418358112544
0.8802690516293001
0.8380356357330698
0.7294234920371334
0.8575746877914914
0.9052835631178883
0.9220197621209157
0.9148818804063432
0.8845770204145563
0.7982898226833749
0.5897451540675981
0.7222995650843089
0.7903192420092741
0.8116425521558508
0.8031520305444139
0.7535370945032125
0.6503261178622356
0.7510477611125662
0.7993745220599486
0.806742455075102
0.7839238485062086
0.7136249353483388
0.5783505267899178
0.3458092831466831
0.2473501629861343
0.3049343698021523
0.4554319024863474
0.3781271465571871
0.3223891880293437
0.6248634332405759
0.7374454984181831
0.8567823661247036
0.9055014111890624
0.9185192467590704
0.9127097867961211
0.8771246745637069
0.7885963542854165
0.5662055678917489
0.3260388253637075
0.4096826846438045
0.5198607292813922
0.2827646835323697
0.2245476580170083
0.8345757814655963
0.9867155205030296
0.9848313101950945
0.9839061928431281
0.6758086075144747
0.2121475558904428
0.3131862189099638
0.5391088020465045
0.678358275577572
0.7543850281896972
0.7811933960385606
0.776346873040484
0.8776863368768071
0.9179098395345919
0.9269659862352881
0.9186790299010861
0.9086319630271595
0.8729883645278838
0.7747388106885463
0.5435203817859152
0.2708990238471952
0.2620293783959541
0.2180673155095952
0.207922288869655
0.7597326159439841
0.8934673451449541
0.9404093006258017
0.9538143489599402
0.9538416608235182
0.9349125724431561
0.8824125697489232
0.8278885482895436
0.7018137335606447
0.4261038688703483
0.3299680534939214
0.5518277959527628
0.5871297259522715
0.5839671079173805
0.5506486791199711
0.4763906643086542
0.3927647623428078
0.7091190219388935
0.4210579686302026
0.5335963917459652
0.6675814845645345
0.7355680622076871
0.396652184261575
0.4714666118579279
0.2336742236380776
0.3547187402876276
0.6866539429058296
0.8348081666108361
0.8960792499825148
0.9152374132964262
0.9142828669142898
0.8860748985483394
0.9648291511824152
0.9445814945828175
0.8838420418264611
0.6738692041459978
0.3408498091749148
0.3945849119737438
0.4609668362007323
0.4942856404884916
0.5029546055118609
0.4050530092824339
0.24956135669756
0.2170932526187714
0.9726571333316446
0.9733343466639091
0.9707879318356533
0.9762607035314006
0.97866771978895
0.606220120971944
0.2145664041318822
0.261622192984395
0.1911529911851397
0.2007038644863748
0.4891866975874202
0.674676512876843
0.7751514610941902
0.8166234216414736
0.8254864798651789
0.7573934410573493
0.6174725812984203
0.667107780632779
0.681777134632408
0.6560104289493341
0.5933255195144019
0.6775601296364314
0.7187717160040811
0.7184350434400043
0.6845852868468103
0.6009107756167428
0.4625160941678919
0.9681456821547504
0.9872209969848171
0.9829547437122826
0.9761520610299652
0.7264915854700843
0.4235602054368678
0.3588940211239048
0.3127790439251001
0.631388764050034
0.6017842351691107
0.5283245737664201
0.4265580095606836
0.7372797320116169
0.8766395459399413
0.9248779593632118
0.9422225894828248
0.9390237187528102
0.8381050601017404
0.4547806757864086
0.2399095955834559
0.400640254164176
0.2711040798874669
0.3807710152762165
0.5699912477672675
0.6825970207050647
0.7424485639681777
0.757579987464909
0.7407794199285866
0.7723741972843334
0.7715231305430945
0.730084330118432
0.6421857522690392
0.4785361046696719
0.3342101252893535
0.4949922115224519
0.3227622699249331
0.4467404148257129
0.6022333653528699
0.69007084191048
0.7332191115032078
0.7347008183162523
0.7029892816211477
0.6604356777936353
0.5755106256036085
0.4293223496231229
0.5001331955637699
0.5341626534813144
0.5407807999439865
0.5115633214285061
0.4547843615734844
0.5608701240434394
0.6265153886486536
0.648559148327587
0.8533584905421085
0.9218730769344547
0.9471069828224173
0.9502018351220437
0.9819768171489307
0.9727495707427682
0.9353248361167857
0.7738167693930366
0.3697807485955776
0.4108919750275087
0.4511996894540697
0.6389657634726607
0.7472680164580565
0.7645465726348004
0.7500892092139033
0.691163474664151
0.5790409430848049
0.3882855770053179
0.2842161880216876
0.4365461508697822
0.657558333904646
0.7720906274974064
0.8265679009264431
0.8394592303008496
0.824684665127972
0.8121994732723274
0.7657191443914414
0.6570175653738596
0.4603197465033578
0.2090812633718048
0.2001564610545606
0.1973200549658143
0.5843785949498616
0.9875901890828136
0.9862481881502442
0.986376635271184
0.9754246752397819
0.8792712039862348
0.8261960098831195
0.7043325797214103
0.4392236555974111
0.4836261013881299
0.4951471189601409
0.4825471696087945
0.437071050976066
0.889164331416697
0.969156513650132
0.9830375796749694
0.9667932754722705
0.9638764718564719
0.2269640613262429
0.2674306279361167
0.418946537334132
0.5646007352360602
0.6707223687967374
0.7208441029761488
0.7350518219239878
0.709205174065221
0.6444268752037419
0.5727722254765496
0.4566741732589655
0.4803928267845746
0.4810222944189271
0.449658497602499
0.4061677517751709
0.5247748357021538
0.620470282767274
0.6662922471936786
0.6777246876958597
0.6486206404648583
0.5821174454573833
0.9910275233952723
0.9911228509586398
0.9914485153461604
0.9896062965445542
0.9908161179050264
0.9872543309179298
0.7044156334785731
0.3801151946088053
0.2964253240955252
0.2545199983270894
0.2641040708777229
0.283009624889749
0.9697065430933826
0.9898479772559559
0.9885103044380678
0.987973718482008
0.9885232364078095
0.9898611624796164
0.9701742364973464
0.988313073984794
0.9853330959836952
0.9784662019929911
0.8735724134595511
0.3488004819351825
0.2850177016765741
0.252080104205128
0.6838361960878181
0.9205972970357469
0.9459267622396933
0.9489294867208388
0.9382212738142767
0.8973016762361812
0.7853522203342472
0.4684501690420114
0.2566803769969108
0.521817367546777
0.3447325069539152
0.4840318402216459
0.6351026962630018
0.7165269246528684
0.7541598034407561
0.7512425070193535
0.6200164067035606
0.6488548359957121
0.6454017453982618
0.5807650458932511
0.7132754768691949
0.7764592234340788
0.800382002301204
0.7869079995857997
0.7382640239741654
0.6283605053685967
0.4443262820543986
0.4535210661170558
0.4673410389922584
0.5797244707442838
0.6477973831926562
0.6710077684428581
0.6617445222935434
0.7840727115717459
0.8413640564557556
0.8566789468688135
0.4217280286152244
0.463930844273039
0.2154644485408449
0.2733940974141527
0.1880152227235852
0.1914757444091062
0.413854041745675
0.4715097417873484
0.7885984295268142
0.9027308434365844
0.940191021336877
0.9529385028705273
0.9479676335217412
0.9261808891008152
0.8573104440822443
0.3458868513402317
0.2653698663268701
0.2518073935635787
0.2467987387453861
0.5387517805274764
0.7913607124332632
0.8908126966193668
0.9254367378508868
0.9360112683326132
0.9255885245523405
0.2500412660970667
0.3484580865592995
0.5716788011951978
0.7032717725034618
0.7725702843431711
0.7946790940925226
0.7860482359196782
0.8354551412155745
0.8507719360431795
0.8328580034484083
0.7794873966858941
0.6556819035647367
0.438704345965994
0.6139017354957794
0.5992745712711602
0.5437432173740174
0.4529460801244681
0.5010143023514499
0.5233119483866515
0.6135888603797988
0.6628555456984726
0.6699457775044098
0.6177535620431827
0.513570524760823
0.3931605311745535
0.6440884794470322
0.8071938407401062
0.8550280104934885
0.7327431516799328
0.4419036978532103
0.2592345252641024
0.5979452840306071
0.7488496702916778
0.8178843764643773
0.5932040814486123
0.2145753629751629
0.2172141537818652
0.225893681696721
0.4856310209577796
0.7036747829935716
0.8131274734663759
0.8573425093227206
0.8544564501091007
0.8159115401341696
0.7275570684890698
0.5390744002504958
0.3432566408623809
0.5138281272532631
0.2792164898115149
0.3355586188598242
0.2113070765356768
0.2796161513356961
0.6568498820453815
0.8285597066518735
0.8980336205161566
0.9209550696717154
0.9235940628656446
0.9236524242416405
0.9047147604902298
0.8441149003822747
0.6931259683432002
0.3152809372792388
0.219545828874278
0.2526888215703298
0.3965105978475371
0.5276302145615841
0.8937635049048036
0.8819268949513535
0.8330630494542506
0.7200402280217577
0.4697999716992675
0.282618313983261
0.3627818496712427
0.4999003211406607
0.5870555026546184
0.3848955992185084
0.869109102990583
0.8541963879260804
0.7654590186464783
0.5705591791304283
0.3901442207634593
0.347172123173801
0.9220245275898615
0.9453969839344348
0.5087669576794435
0.424095001998446
0.3413216862068829
0.3647322003342596
0.3790008986246342
0.5146978038737767
0.3966167296932572
0.3963192384022217
0.3836109307540535
0.4839868311906567
0.5834007346527088
0.8299694850739351
0.9291175538727474
0.9144856875711176
0.8089819189355799
0.8517226126448137
0.933123122939523
0.9371885621272988
0.8096801103274832
0.8224574063034722
0.9376184570657694
0.9527200107126735
0.8969636676274992
0.6731019353419789
0.5719176933435378
0.4559461183822977
0.1815987957217746
0.146327287559291
0.1673097047420397
0.2955858455853952
0.7119744303714672
0.9484697262412763
0.9560446107321396
0.933194577525487
0.9235161969277468
0.8268066291648517
0.9093966751080608
0.9111623894809018
0.7850382134752513
0.5401430931049878
0.4488638470344188
0.3586909264250868
0.377598065983021
0.3859294053563538
0.5138737218701223
0.6477498461348475
0.7646796583304619
0.8173274856703858
0.9590808877465757
0.9719374097649216
0.1750802280748237
0.1256303373463976
0.1261919953139412
0.1270105463405735
0.1254424310915854
0.1246089229495981
0.139161893952095
0.9357183462306283
0.9584057060247508
0.9522931947737234
0.7505943264002156
0.4678195870081923
0.3062865278322081
0.2720150486353539
0.2415351128924772
0.7371188301772987
0.6761330336549347
0.7361245293360622
0.2309928435057556
0.2564989011650414
0.2872863101021188
0.4410864690225529
0.6481285550146959
0.9758042190494477
0.9813057371001052
0.9764295957938502
0.8800951673961986
0.824157450552842
0.5605966248473204
0.3407798425521905
0.2765431729731526
0.2301814637007474
0.5210795856182679
0.9129542360346556
0.840993138204745
0.1805751393283827
0.1873225314895399
0.1956802977142256
0.1914158221927742
0.1874470165142338
0.2318355931127885
0.3382946830088485
0.6601998851946703
0.5640956211636403
0.5899462790910098
0.5825727689703142
0.699137281100732
0.7689039377395596
0.9373209396136993
0.9631046157856842
0.8731040208113133
0.8419255545144277
0.203684233510241
0.17810372235837
0.1646917062376833
0.1789159893254045
0.2071648310079721
0.2529622148270901
0.3354197008877273
0.5961033300868275
0.5414072593606469
0.6065642414025829
0.6388253496848831
0.7970520571780655
0.8725536192374219
0.8008049014137155
0.6460414800440121
0.8936151629905705
0.9553459636329179
0.7706871937386216
0.3468941030786572
0.6377520427203014
0.8952494359742251
0.9026013176003775
0.2311705223192452
0.2476173139923447
0.2656690206957648
0.3954801890888437
0.1819327765221115
0.2031971336446734
0.2460011204275819
0.4161077659765133
0.8764903911969844
0.9360793673168452
0.9347261788953738
0.9503658675067822
0.9097238710878236
0.2314652922756975
0.2135920804541308
0.2000188920885135
0.2328357606407329
0.2929659566985755
0.505316609130973
0.7959908995562541
0.8766874748239893
0.9460911666758217
0.9315804180636758
0.8211640716750566
0.8153767355426023
0.7360917400636189
0.7755137641941557
0.751142272450926
0.5855484606695854
0.7133499783127043
0.9446020697422876
0.9714358680722757
0.8849176304967784
0.3961830862469672
0.2182463554463307
0.1694798049881589
0.3100423159597317
0.8913714012244212
0.9235171102002565
0.8987762914240289
0.4344612583241432
0.468663346712921
0.6365792200630835
0.785522467983284
0.9788886138855764
0.9792275852367545
0.9788544806486293
0.7871465196078201
0.6533030436951401
0.4924598924491161
0.4633830246112298
0.1588326775171053
0.1654300933491325
0.1751399813728974
0.2100204060268489
0.3089296952984025
0.6187748904597701
0.9031720095852915
0.9142590157868606
0.8820088431338571
0.3450301751732336
0.1827532712822659
0.2109322739530762
0.2763484875321133
0.2949608268098237
0.3085870374379138
0.4365791867319168
0.5940089695405473
0.6859228574142573
0.7324702120226367
0.8917933781087375
0.9724910757814806
0.948371683385157
0.7213322094269996
0.5942469153694568
0.4544047756142159
0.4404165521533254
0.4112200542097692
0.494887649391889
0.5686650243355623
0.6814401138744188
0.7516310454830619
0.925585360492551
0.9577746348658351
0.4447545542796829
0.1720570057884155
0.1843754190613508
0.3814416349327733
0.9722215008680195
0.9657569822077925
0.9005046874914301
0.7546581670807059
0.3427240985423382
0.2011040660885732
0.2539494801394249
0.5318224577220969
0.5274637847939255
0.4982032255583499
0.5881647573994824
0.5523017451973153
0.6373776892323888
0.6864385377314469
0.6896841220471158
0.6446751011378852
0.7212078973330632
0.7443495040337075
0.8812292345687133
0.9169066532872757
0.953266504504987
0.9509444187929667
0.7990569599853813
0.4248004617707293
0.2833958409096632
0.2111736439555193
0.3411255586659412
0.6575972028792195
0.8825265567806987
0.9461817697922436
0.92945098617706
0.9553551455269657
0.9524808459769372
0.8036683635573695
0.5973485434450518
0.4001951434356917
0.3473035706044934
0.293899962481158
0.3382769475036056
0.3799652771240346
0.5580160900956075
0.1796033862961508
0.1913135260533779
0.2086129228759416
0.1363932605210889
0.1297340011572715
0.1417552796602687
0.4146293559114025
0.9710716545974911
0.899515137039251
0.4623660920705222
0.2806620493390757
0.2019081583704405
0.2982636978406455
0.2674992804603134
0.3316442224118977
0.4018487541000526
0.6299679790775463
0.446343100519048
0.345727448163866
0.2621641905129771
0.5211232862533218
0.8657388589714753
0.8834480975709285
0.8597879480023793
0.4687520679651103
0.2395946427775555
0.3084607655490155
0.4047950557626073
0.3066818997614056
0.2377905564576719
0.460529722712173
0.408649958911805
0.4678114239322371
0.513901498226828
0.6974605223687598
0.6372156621619836
0.6984343793859359
0.7102713242954253
0.8408853082214367
0.8837007158005438
0.7822224195692969
0.5924067406850492
0.4230665023243217
0.2140914027420508
0.6108129085368296
0.8486105822961343
0.9186875178984364
0.9219032618610042
0.7635660786011971
0.4709642897806202
0.3601925020772195
0.2685713342413378
0.2768441799153138
0.2802568198093334
0.9039012349955777
0.9500871153603356
0.9745073008652522
0.928823565478044
0.9530228806409632
0.9141774762672229
0.7328337632003753
0.7585253790307049
0.7236212848864266
0.8079654650811721
0.8200040462308968
0.9351397094610522
0.9506574688445851
0.8077940361519644
0.4440371620485946
0.5460985506407339
0.6346454516395884
0.8558452158410321
0.7218918644855731
0.7052190632859652
0.6380720763432113
0.5436750259311321
0.4376743955920045
0.4496241290819452
0.4444586563708107
0.5592107875783303
0.6618836092075624
0.8906815413815506
0.9507814679830231
0.6517768802411061
0.2432153176166008
0.2826075521994222
0.3287858011889382
0.4052057046232875
0.4835156277025585
0.2443977289823171
0.1766006322103757
0.2299325796974614
0.1570722826102201
0.1782194155253628
0.2608870504310083
0.2677159488036723
0.9668743261398657
0.9563269207193628
0.8460986585538625
0.6237431114700264
0.322013281412058
0.2246185582482938
0.184716658640076
0.3046929677769016
0.1815171577158488
0.2167312663205441
0.3048491499627496
0.585195789144815
0.8832978419514287
0.8952416973063856
0.8282243028604285
0.8737277460655164
0.5255599971445086
0.3127820351371743
0.2133083745840081
0.3118793211760689
0.5219913023332969
0.9543624421548395
0.978566104353733
0.966628388788885
0.7218485241860848
0.9388060266952916
0.9684925207838213
0.8355069786902046
0.3432129301176284
0.1824153350077093
0.1522394111176295
0.1897553249344402
0.4106854808008809
0.9767394595011099
0.981940527902497
0.9804003548485489
0.9786652538488636
0.8430458417003059
0.3597642939992065
0.1990630393628544
0.2435368975436386
0.2767203419867107
0.4338726653825913
0.6516324617245821
0.9823963182426899
0.9823257659889989
0.9821957440668195
0.8396292960608321
0.7636996798571617
0.6216959264323004
0.6658911875457053
0.6658384116526582
0.7879479575067524
0.8386977525941888
0.9715950092082544
0.9779122498751861
0.9805334628635457
0.9811949030445458
0.6196751215684612
0.3860337142899707
0.2450904925424476
0.1884227036652923
0.1672668336937477
0.289396461312833
0.2399892029463152
0.5579916368861381
0.9195795910937541
0.9356893332975765
0.9043194257716368
0.9449794261812157
0.9402760446319297
0.7467889829251377
0.3801646547428283
0.251011202685727
0.1946548548943813
0.3069977389343653
0.3307270511838655
0.4766196589587059
0.6531321649270339
0.9546713766688927
0.9766247030511823
0.9497714938931834
0.9815816597643477
0.979862931976729
0.8404996848359543
0.4173280433820923
0.2237229495887484
0.2860916068565652
0.3862043839204781
0.6785215428934965
0.6226726866933383
0.6883136982281443
0.706608404029304
0.8438154098150101
0.889970689745373
0.8005937346808502
0.6165223267009108
0.7132384678662227
0.7587812311583497
0.9118057696323227
0.9444935776692642
0.904387333402859
0.7341574416765918
0.6664501125994369
0.5592183795513268
0.5280308605978385
0.4744525139193574
0.5372114190894117
0.5778003459812907
0.7505166640994686
0.8565642914424804
0.7983934755133028
0.7566759639661956
0.8325686130161023
0.8315085954904499
0.9351024497172996
0.9467345588303164
0.9674627152012623
0.9673859975046873
0.7421949996624396
0.5090614180335227
0.3248584523717091
0.2787043842082889
0.2231885358540732
0.4386782059185515
0.8662263507334491
0.8931533566586415
0.8395776581326291
0.8978500973395169
0.8481221326658812
0.9116162233144355
0.9001920723591575
0.6117790998588111
0.4744018604433046
0.4628714472425288
0.4338109049562697
0.5196171586532197
0.5918307803925287
0.8021142669402118
0.9036309350171413
0.8743182615517885
0.3453898782052579
0.1731773836725433
0.1355585200210283
0.1420583086643528
0.160573059576477
0.5116800001323006
0.5669383684160811
0.594393351478847
0.7503929281079106
0.843442461045398
0.9180188120940882
0.915167972867526
0.8317073698378691
0.6643841463154216
0.4711497629142228
0.5909641829507855
0.6924035237405203
0.9103081106380388
0.9574123206418812
0.7173418790222017
0.2593051376504458
0.3018090021981537
0.2431238682690782
0.5253871509765198
0.6079323832373152
0.8279934036451897
0.9194875557805553
0.8959795234264732
0.7776906510660093
0.7706734185665789
0.7002156685153723
0.6497169806246049
0.5611506327929001
0.593959704921554
0.5932067190943969
0.7170552482389813
0.7274692628010215
0.8549552185463448
0.8922142123587666
0.7912375260496125
0.5939139067414608
0.5319605087976264
0.4524236183045296
0.4885075876944309
0.3425419241608144
0.3194040722292559
0.291169841807958
0.3616707300708757
0.4375378547811254
0.6728006873422359
0.869207194272303
0.8589170907132586
0.7673945946670701
0.7193517446028287
0.6188304642830995
0.598099311047806
0.5445964608024614
0.6110842015012929
0.6440670176833376
0.8025923901377567
0.7677480799187353
0.8495224123279755
0.8512340188231428
0.6062569412069511
0.3739792092220097
0.3026947056564147
0.245769030026218
0.3849737763015579
0.6133119172422952
0.4532471739618812
0.3208734078757267
0.3052384249360341
0.2842942843955039
0.3623243858608877
0.4498308527675403
0.7043708087045322
0.5234824428249397
0.4790179211682385
0.4199534898158915
0.4729547764856396
0.5108165188852097
0.6832582777095612
0.4809287946879232
0.4230453883612339
0.3593445103759675
0.4018417515226853
0.4350782757242858
0.6012305798939693
0.7619051484754158
0.6907964413569018
0.574994646688138
0.5830530029820679
0.5588003130931173
0.6565274000135584
0.7158482073720104
0.6593779278703958
0.5636415574341865
0.5898238800549231
0.5828071902441454
0.6997678882738971
0.7697911812299481
0.9381057062452091
0.9634994282588633
0.9522074006040877
0.8420004370143687
0.9255256324801066
0.92857706180945
0.7801746297644991
0.6350494270066307
0.5143307162112427
0.3948918164318212
0.3934470247182104
0.3798560525463926
0.4787682769703889
0.5771156861868478
0.8238064203108234
0.9267052918679878
0.9119692992249894
0.806826139582258
0.9590398276046016
0.9726753889477638
0.5496776711741174
0.1624296759971276
0.1687601811592651
0.1776374167435081
0.7364110457116321
0.9765827541003912
0.949519370922155
0.795249375877755
0.7340592806330007
0.6168720441147051
0.6233142284142603
0.5918530578130023
0.4777365503072683
0.3685619671060019
0.3730887084860151
0.3668571108656949
0.4157963783589267
0.4554820473491433
0.6313304854319082
0.7925138984748169
0.9520776990761142
0.9561482495081632
0.9758267899343943
0.9777469809028425
0.6109370997198924
0.447489797576222
0.3143367044026373
0.2977406491664663
0.2763540408927247
0.352681252717183
0.4389799824303042
0.5597124405260658
0.6704704996301539
0.9043983891367862
0.924658557179009
0.8335226425497472
0.7637357088823781
0.8112908460221986
0.7880276187410514
0.8789006537986646
0.8872852471830071
0.7043407047601989
0.8673640102476232
0.845330636339422
0.7013364334804907
0.6766286949060267
0.8846678126436053
0.8815567998880222
0.9693195565558688
0.9347662145976916
0.6844958459677875
0.5493241983356488
0.4135749606348844
0.4010304116860594
0.3764809396465553
0.4619722528431671
0.245708680635992
0.325873123708821
0.4364080521819801
0.738188996081413
0.9188173371752981
0.9186157246503293
0.8388295647674024
0.8689441453570114
0.816527369010001
0.8788830588387271
0.968232340692654
0.9751128674513297
0.2221832092830068
0.2258383064856969
0.228182531061625
0.2128249869600824
0.2006442948738184
0.7947719464053855
0.9758783926274937
0.9650356703718881
0.9815557048527535
0.9795551018745412
0.8241161966097937
0.7374500357477262
0.5932600327319771
0.5760462491622789
0.528804178673942
0.6520681349107958
0.7417210874951401
0.7443147802952128
0.6888850884015315
0.7541295555974302
0.7593791807791606
0.734797236469107
0.6540626180042658
0.6948208867860132
0.6863648111426376
0.7988005856191301
0.8380504154746985
0.2471502037065673
0.1593569234336459
0.1793702832620646
0.2101386914421164
0.646327055345796
0.865502591187903
0.9331677907557118
0.9333720986291921
0.7748944214826305
0.753318271625721
0.8486413571298412
0.8632505352836433
0.6747603481876097
0.4491797103956887
0.3782407320501161
0.3095033446479615
0.3415731623646192
0.510714525208896
0.8902959465784238
0.9667857535484468
0.9159857267065122
0.9519945512942418
0.9244388465705559
0.7754315128466163
0.7301130593356194
0.6297763913997846
0.6518510707575996
0.6315443137584464
0.6342254097566034
0.5974976283978387
0.6825510236327764
0.722467620063439
0.8777321905644163
0.9224118336464359
0.8685411023135726
0.9283870114740411
0.8943652302938526
0.7529927514358479
0.7230419851180546
0.6394435658868712
0.6775717039753137
0.6693581303564256
0.7502508399072608
0.7717209658829464
0.9028720366763406
0.8181050066043496
0.8449722921370636
0.7942162855059107
0.8588675218286722
0.8423953624805409
0.8274545073763134
0.7348193566682222
0.7605576656634978
0.4875882150635024
0.3855144259747647
0.296055462845596
0.3090856905222982
0.1867421185769973
0.2283454790026106
0.3274730404352288
0.6324619404675496
0.9020145178148637
0.91142401071242
0.8445696284562803
0.7686481468025105
0.624621981805957
0.6436536677342592
0.621569882128553
0.7219959431807261
0.7693198957193096
0.9213014394822127
0.9465078819724415
0.899394760048133
0.7098467854149814
0.6345710969204972
0.5272881547382969
0.5421802333902805
0.5299242259695016
0.5822758658289718
0.6041754557121001
0.7532508463465546
0.8391540306122204
0.9774359689762105
0.9796673996090314
0.9803037803068434
0.8109939898758106
0.1570286714264038
0.1602706380532778
0.1644221722531729
0.2166264753953178
0.444566672347264
0.5622112284313001
0.6680825520900054
0.8980877091414557
0.8271037703000164
0.8684526379218318
0.8276783623042485
0.899139303576279
0.4266619629908284
0.2431534091383942
0.1818459210006403
0.2523923760214768
0.2483210706275191
0.9718271087554233
0.9634384492504191
0.8689218138329089
0.8249090469091527
0.6986223535734285
0.6923174141524207
0.6375448139449409
0.7042538223863518
0.7206593475646537
0.819246450433586
0.8412409356736698
0.8767154711037314
0.8284876366370278
0.8928988732834837
0.8781021064187285
0.8508449269824477
0.7394510741293059
0.745046091854083
0.6924883855542071
0.7605051386448737
0.7672096557121605
0.1298593389380189
0.1266801997343832
0.1253029897400075
0.1380263220485744
0.1319834029460021
0.1539506584978471
0.6680035281014848
0.8955475088006342
0.9548965140899871
0.960055368654971
0.9643578061894745
0.9470268200268326
0.240949007239986
0.1406939351556304
0.1456680319563162
0.154526510573513
0.1455802477351782
0.140584420601579
0.2390576216431999
0.1522341873607078
0.1658046501967303
0.2014349438602722
0.4544813917436939
0.9143864185944471
0.9583711410419478
0.9612583897903743
0.6870389948074074
0.3885544325987259
0.2993649432737809
0.3129737156617318
0.3200625944534758
0.4397413480511689
0.5810766445574237
0.8831664164185532
0.9589631480820429
0.8526651877794472
0.9166708793660188
0.8747079170424479
0.7281133026325745
0.6967914883844358
0.6171198762262868
0.6591557085132701
0.7397959065334401
0.7603050083593531
0.7198694343531254
0.8135900680504503
0.6594668622233389
0.6292102797731368
0.5623565637427416
0.6160735001800031
0.634192071931542
0.7773561245808505
0.849399072316135
0.8431639196840359
0.835602851971479
0.8143331361041147
0.7179196801217314
0.740795149563973
0.7063200464577896
0.6196831350708973
0.505894507830237
0.5145031806307324
0.8668671805650097
0.8855532658557494
0.9756098135562198
0.9617592913664825
0.9821273857891727
0.9814056289133259
0.8726309117171226
0.8334624049778221
0.613905065131839
0.4004940403336841
0.3383436503687987
0.279082514835251
0.3158777949470944
0.3497284158176381
0.5134488531847736
0.9160263442745884
0.9543092442321957
0.9676492453278914
0.9637529417414396
0.7954693946381538
0.6103350303967454
0.4235871687848969
0.3768700267167072
0.3257336739594792
0.3764966834340099
0.9622390480490377
0.9371229696780342
0.7743025861877766
0.7101882357846727
0.5962796775150798
0.6060018236923492
0.5802304241924605
0.5483383892710735
0.491614156402358
0.5522804740314687
0.5881307501470384
0.7544156759282736
0.8538762773146834
0.7888435496570508
0.7551303074834186
0.8388282707810724
0.843512892723542
0.8650749081807796
0.804792661786439
0.7890873478488104
0.7053774255114424
0.741757254715282
0.7415090626004671
0.8576666220475981
0.8870204741363396
0.764353606756117
0.5535491486800601
0.5172457377570796
0.6399350108206019
0.8967694966469731
0.9576388120032867
0.8010265992727958
0.6229140763021553
0.574252009042245
0.7594652375602094
0.9758757322504821
0.9760175412863561
0.972206411281721
0.8260316527061007
0.7097882981932462
0.5457024808180481
0.513395239620579
0.4858657134062948
0.5770555202981857
0.6452458227661968
0.8418416221779982
0.9174906696206468
0.8575120374337569
0.9486395928615307
0.9418288732299634
0.9768210224126016
0.9599646487739923
0.7104397636649081
0.5587170586385659
0.4097836577017636
0.3877047372225739
0.3557411799350607
0.3812269020016362
0.3964920409079906
0.5348931685145777
0.6785797611091832
0.9488243710094617
0.9743405924928438
0.9674188944046327
0.8847637988694119
0.8022225266394065
0.4468972732994234
0.4398495413943843
0.5519707112364574
0.6528032679990063
0.8824477817133224
0.9471945056674904
0.9316601016700279
0.8182347006390474
0.8090550342304342
0.8924704916774082
-0.1379539133030003
0.02576835773567729
-0.2688034054839549
0.03613367119789367
-0.1538273677096405
0.03947591688012402
-0.1941388997090443
0.01855645619044739
-0.19109799260272
0.03864234960827218
-0.138315318394205
0.03931189828344654
-0.1502950988744372
0.03724777534224701
-0.1558767628651369
0.03897823162398859
-0.1517570132127894
0.03777438190711183
-0.2141897975096916
0.0271377135150927
-0.1830049510177319
0.02151731910210319
-0.2812810910600737
-0.2823378947250874
0.019827482570449
-0.1695569070026476
0.02817899677689162
-0.2850692445182886
0.01937906849395116
-0.140704257449049
0.02291120614356962
-0.2414713491766483
0.03610389465331314
-0.1745802736051093
0.04032382829884469
0.01416642822510317
0.04034106461286613
-0.1237024088327497
0.03221038633242335
-0.1490580676536446
0.01731322277975386
-0.1763237844475103
0.02072948157643903
-0.2862826806499971
0.0219391005911546
-0.2101427730418398
0.02933500028350339
-0.2008435844068547
0.03830788937775476
-0.1438445231943208
0.03918206344062369
-0.1524919178540407
0.03726266959115304
-0.2338217484382681
0.03021219950555715
-0.2836320571763777
0.01692817051821505
-0.0629717301185676
0.04033275059982266
0.03610966404559829
0.04034340877421999
0.03465115437623512
0.04034280617611719
0.03718858445858131
0.04035019125170775
-0.1720746557619821
0.0170151386150007
-0.141561120074777
-0.2644724505984095
0.0380288058089207
-0.1271281728372976
0.04001274452723917
-0.08884720030566161
0.03130222630409216
-0.2423823077236903
0.0313396297372257
-0.07726548777665998
0.04009144374818008
-0.121042547026402
0.03841654083651658
-0.2339364012468121
0.01445110415411321
0.0006063406786700476
0.01434255041188759
-0.2505402673973051
-0.2855441216012317
0.03634799949772272
-0.1381426476503069
0.03998775067824478
-0.07637598890332165
0.03713097036230695
-0.2075817161483715
0.02653312640524828
-0.0224888970178244
0.04031452321130488
-0.03879606077543277
0.04030702270684762
-0.02989679923296507
0.04019468213356527
-0.1373505540083099
0.0338582876526651
-0.2082471493685135
0.03569591158593021
-0.2139353932337046
0.03264538177975457
-0.2698025826595802
0.01940931851922063
-0.1040444361432202
-0.2587605166429289
-0.2891909444790985
-0.04747250291828289
0.04032883359988871
-0.005434717434425862
0.04032771604211919
-0.05125332802650154
0.04010788744055452
-0.136433923673602
0.03555099069217005
-0.2012351360693951
0.03529803623820487
-0.2311166783365703
0.02878518906729473
-0.2593961735870821
0.02860817065873531
-0.2333044073361964
0.02316025249215374
-0.1337214516556934
0.02996011276371677
-0.1400904527364351
0.0344911976058335
-0.2317019188116636
0.0224800672149694
-0.077460309063208
0.04013169243284807
-0.1141032017829386
0.03898775052988471
-0.02395101129137273
0.04028148025708013
-0.09376735239489375
-0.1620378359558469
-0.2548131514537745
0.01953465981013536
-0.173755886132281
0.01799519004021431
-0.2121777784510407
-0.07778354675761154
0.04025404269501695
-0.04349610682728272
0.04019101211915391
-0.1228630424462519
0.0374148039712702
-0.2775923857096853
0.02434760563146099
-0.1535698942058104
0.01997727769676069
-0.284707500050316
0.02789538687630483
-0.2602186088757812
0.02975355513372543
-0.2646326397744945
0.0357976616461094
-0.253497488658059
0.01864349944461339
-0.06561054901639798
0.02378451602413009
-0.1557395112069168
0.04024025994470101
-0.01056578464479109
0.03977393384623792
-0.2366659630775
0.02072939913651108
-0.2270945611274599
0.03850645946543783
-0.1785691952142047
0.03452302596608818
-0.2745965886077698
-0.01962805854655209
0.01383689309036333
-0.01988542432790827
-0.2750626311983362
0.03405762877071813
-0.1860129330328261
0.03809596195324763
0.000832392360983418
0.04034269747002935
-0.01664245589797487
0.04026399033522617
-0.127973734336095
0.03499175380664048
-0.2212213210238129
0.02153642854379675
-0.2482411432132534
0.03949489584815492
-0.02483498618008192
0.0402615025045486
-0.1175334467335057
0.03987654505769178
-0.1278641307384943
0.03847797656503721
-0.2174455144275596
0.0330743599604595
-0.2591522848054515
0.02329365400730644
-0.06000192394644313
0.01822412735441617
-0.2558632002664114
0.0355949914949677
-0.1740963101924963
0.0384257428134655
-0.1604943232463688
0.03759407360017569
-0.2096557626615352
0.03321572460743516
-0.2647754962084295
0.02054116647935134
-0.1248972272082189
0.03836571587694201
-0.01333113455737278
0.04031948638908038
-0.1510692004673096
-0.06145554666048397
0.01602159170779029
-0.2248029613966831
-0.2656595332040724
0.03951508147588611
-0.04467282819250661
0.04010335273755947
-0.1982642466071922
0.03701150438014867
-0.1878053952056565
0.03573730550300692
-0.2046058137998319
0.0345013699424503
-0.2454733597181353
0.03295414229640038
-0.2328904663200863
0.03188581127262911
-0.2626440231424539
0.02404002537113983
-0.2018255513203163
0.01765268357922178
-0.144241839625516
0.02869094123646876
-0.1647804514596616
0.03994817069378093
-0.05561381715825997
0.03952892354710164
-0.2367993051349556
0.02395075305682601
-0.1534000427835188
0.0201808060919727
-0.1336887841065298
-0.1411849122691899
-0.2797764429278613
0.03552132773515373
-0.1570090666562387
0.03947474494866243
-0.123162309500751
0.03955328593247043
-0.1506009885223692
0.0364023706960247
-0.02144279134727731
0.04030721876512873
-0.05282772621139895
0.04034932273572542
0.03177118833304557
0.04035071895165718
-0.1615710678366964
-0.06749771340744695
0.02271797322795238
-0.1765949080556313
0.03996421476951932
-0.04554505048077527
0.03985496861458365
-0.1146913622020769
0.03960850726156056
-0.1575321351941767
0.03470021672607364
-0.1715632986906794
0.03948874192950623
-0.1116439565302292
0.03713016154013162
-0.2671345808243186
0.02388694731848912
-0.2737015771684437
0.03801454640904325
-0.08671197843978187
0.03978518756226007
-0.1584638277482317
0.03979770667469656
-0.08472822004796163
0.03813855507877244
-0.1596823005221406
0.03802893041567068
-0.1926963332466009
0.03270084985508732
-0.2306281259382428
0.03266867140960039
-0.2525832345204077
0.02653918410945275
-0.2461902078221508
0.02946028885515552
-0.2169542413616061
0.0386555155826355
-0.05879152018996864
-0.2225877885806021
-0.2855934233681501
0.0211573487280719
-0.194324241648265
0.03025833026875492
-0.179290118120845
0.03935574936826311
-0.1150358166232325
0.03998605655949484
-0.1187878099846728
-0.2202323449449393
0.01802750165006076
-0.0486206302222426
0.02024007921433069
-0.140093674238897
0.02154329513609846
-0.2592593997559419
0.03046486073743989
-0.2565403259365295
0.02826309431301716
-0.2843826984679864
0.01962857937299831
-0.1448069715877496
0.02827147065460835
-0.17083822985774
0.0366474791542328
-0.2298476450508393
0.02566949519549686
-0.2560288044981335
0.03244160029883403
-0.2308880784253264
0.03669613483894596
-0.1688363326224818
0.03829708721275332
-0.1709707802323124
0.03637725674527381
-0.2380929428647515
0.02337436369838133
-0.1445629819924014
0.03410114485216081
-0.09069729285519773
0.03995283167525893
-0.1343176620084809
0.03887517804608229
-0.1832182724596957
0.04014542616865104
-0.01821254023292579
0.04020154526324352
0.002712915947281375
0.04032867611209073
-0.1102273866333962
-0.1147609816653978
-0.08773904245769154
0.01727806071853
-0.287788955378826
0.03486364524329864
-0.1321554984643001
0.04021988016401154
-0.02695131529727843
0.03981153069839427
-0.02350333430088194
0.04024484860187243
-0.1266682432277059
0.03580575821505037
-0.2466801599877059
0.02303991080190045
-0.2866771737633037
0.02454403962364891
-0.1963204684618495
0.03975416391279615
-0.0579384014692463
0.03976071651821511
-0.1952118661908246
0.01752016077204374
-0.0220347153806332
0.01589629479008692
-0.2560159811713535
0.01925747865207006
-0.08023514999702036
0.02683766865658535
-0.1389179194474631
0.0403225850653442
0.007869707868143838
0.04031015057100362
-0.1603254472218255
0.01428819162506105
0.006800867613036214
0.01361417261307179
-0.02130072464962538
-0.288818322663182
0.03935983323581879
-0.04245999519184332
0.04014902125391621
-0.1176528148907848
0.03851433158372805
-0.2349966619640516
0.01157716315778204
0.0132325927403131
0.009437330487779561
-0.2898309469732819
0.03025280547968456
-0.2259079699184706
0.03369041968665266
-0.2392851517494897
0.02920413182767477
-0.2895747417515857
0.01514540643316227
-0.02675265611635931
0.0135884512806474
-0.0004283281357636004
-0.2252920887959927
0.03909242633468704
-0.09276345132128765
0.04031257668855985
-0.008193236971147103
0.03991176681097119
-0.08714601210458867
0.03640288368890904
-0.1978451374201736
0.01957374137529011
-0.2196632627705508
0.01860226876317234
-0.1641620955655272
0.03093168920550488
-0.1506642241783982
0.04011672248765338
-0.03768625049655749
0.03979549460005846
-0.1349371039788245
0.03789222236805703
-0.2354501657277992
0.01748248111876251
-0.03549656786516224
0.01806396364075923
0.003240104282153447
0.01371708993716871
-0.2896612993892992
0.0387279349465262
-0.06930515027650799
0.03993201851147163
-0.1525790656359948
0.03330666038653414
-0.2262055538461544
0.03299811494471007
-0.2514941837921553
0.02637352539226859
-0.2384336756353771
0.02861820009782028
-0.2243306384677159
0.03216654262800886
-0.2668616077376114
0.02174129798365979
-0.1565396443818035
0.02234022300483405
-0.2596492689556942
0.03367376697356499
-0.2067422858259828
0.03700076504492227
-0.1803825636102875
0.0368239673194648
-0.2124681718416563
0.03078549707438932
-0.2771888029610167
0.02872221202969641
-0.2662481139978484
0.02699777974354557
-0.2875890561809259
0.01963228705740618
-0.1523603486985643
0.01577463920760759
-0.08540279543102802
-0.2620120380645289
0.03734879068576384
-0.1330640406575466
0.03997549651887757
-0.06872082216578763
0.03844950531930866
-0.2665889252554811
0.02319420588802205
-0.2898167516213007
0.02284441979760852
-0.2861006529590586
0.0217569806430141
-0.2252191234282531
0.03516870478433757
-0.1803667039897729
0.03810363290435267
-0.1676199091463283
0.0371579666779676
-0.2167776010406661
0.02854579641926412
-0.2205994235971407
0.02450509369010598
-0.1396113864655449
0.04033501966555836
0.02560298199308533
0.04035076255559986
-0.001027878832168649
-0.1920049643831725
0.03621238528656459
-0.2175633485063959
0.03079038039331963
-0.2886857483380815
0.02121538096770078
-0.2043762671193807
-0.2876441529939703
0.03373517123210806
-0.1793482191199014
0.03567215245841431
-0.2472580415651269
0.02186465121468194
-0.1262378389187835
0.03202293185154576
-0.108473738278508
0.03983125105134647
-0.09059656685366407
0.03705065334472285
-0.221707637540017
0.02724306152276817
-0.1979834135660519
0.02298492942614744
-0.2723428728656033
0.02996069709297924
-0.2495902304704042
0.03415954172025422
-0.2073386447146554
0.03560177530934833
-0.2171995501755276
0.03203302748721665
-0.2576772531338351
0.02572295545072678
-0.2355959550907533
0.02905443502698002
-0.2174163710148299
0.03692576761380195
-0.1734740926701101
0.03770047268946271
-0.1387041343712866
0.03970493286412966
-0.1222874578497135
0.039341582021721
-0.1687933537298713
0.03348242823801184
-0.2632262394380002
0.02548320579274105
-0.2693650254649461
0.03195186774171876
-0.2250345772526396
0.03550338529313185
-0.202222538839751
0.03518606460812098
-0.2327062025687529
0.0285229400982857
-0.2694675312217696
0.02604444786000149
-0.2828517724016401
0.03530558972728381
-0.1487016824032967
0.03982523549668093
-0.09351145681579119
0.03910388717353655
-0.2233509087198548
0.03824516505330224
-0.1317914216832732
0.03980775771758059
-0.1200830553934449
0.0393352830648877
-0.1726595221024771
0.03247026893704874
-0.1956751652328493
0.03785421360161464
-0.1632515879978166
0.03794965273984747
-0.191736165799436
0.03315863697030623
-0.1824092906058976
0.03865578527057478
-0.1440523554863077
0.03891467123520573
-0.1680190136481389
0.03542807926632083
-0.267770793740571
0.03291830626971307
-0.2116049432075833
0.03585475203540328
-0.2066132278422963
0.03396498548649388
-0.2542386367735981
0.03388227803960271
-0.2081071075542772
0.03569876323295325
-0.2140074268405507
0.03262444160100616
-0.2700596331598865
0.0193293455592906
-0.1024048271107317
0.01777909863213494
-0.2891661222641396
0.02054664592624246
-0.1838745543111095
0.02955058156155936
-0.2299703505265607
0.03725441530052997
-0.1553307685225231
0.03901066615091786
-0.1505663456103555
0.0378581858825201
-0.2122575670378797
0.02746337093426254
-0.1868581985874455
0.02172775124385301
-0.2806713427442041
0.01693348206835243
-0.05899946622126737
0.03657489307841345
-0.00301362803135001
0.04033970394668558
-0.01932748968792938
0.03132886469772277
-0.03577064331828552
0.01809299666927464
-0.2773808387795125
0.03141691378835475
-0.2244373196083421
0.03487478519037567
-0.216784433660864
0.03787456349958698
-0.1469816413316195
0.0392285095698771
-0.1464400909152849
0.03874696773959495
-0.174434572093846
0.03466400694105444
-0.2765995576777684
-0.1419921610532458
-0.1308477352494362
0.01444721262967118
-0.02791349362900198
-0.222625722810204
0.03832732999848848
-0.1297026736878495
0.03985841883539396
-0.1175352294407514
0.03942608108289807
-0.1692472504196007
0.03636668161087455
-0.2406798548099994
0.02233935228489225
-0.1900727132154074
0.02694601957251579
-0.2683029106833132
0.02809946674219713
-0.2753152816040957
0.02419867169580166
-0.2417865413814173
0.03247128488881006
-0.265310875729147
0.0262869926327647
-0.2499243256257288
0.03336517780258991
-0.2450100120258353
0.02401754513675647
-0.07626240545299147
0.01966568929538934
-0.2448914035745614
0.03658210057874707
-0.1612381148693561
0.03892410827977516
-0.1494956231795243
0.0381170797092244
-0.09344492115008957
0.03965485261555091
-0.1684376949816977
0.03126182605164007
-0.1989877093986483
0.02116359298109888
-0.2896110101417472
0.02485513742997897
-0.2834073401519561
-0.251985373697634
0.01566089652878455
-0.04500461530008781
-0.06762190837109427
0.04021577958897563
-0.07418573933460079
0.04025622518030461
-0.0441742139439763
0.0288914889849524
-0.04028177032725264
0.01612398982625068
0.002988683989357192
0.01377538281820473
-0.2855326065249281
0.03128973870163648
-0.2172158970388395
0.03601258186575457
-0.1973276771686382
0.03409285668977155
-0.2618729457383703
0.03102767882555126
-0.2462057547467925
0.03064197258886008
-0.2670357423494795
0.0313893613255822
-0.2357314404188599
0.03278755317584128
-0.2454512804162949
0.02870303402469793
-0.289396551047792
0.0401337131712996
0.0002721508194056532
0.04032707894218207
-0.05448746742090144
-0.2333909033557112
-0.2673986107243347
0.01982311523484229
-0.1760278250216183
0.02978026505031969
-0.2652683847290543
0.02609581811986217
-0.2699014223973818
0.03342258635437073
-0.1724549050130603
0.03917536090877377
-0.1281572140770826
0.03952506004895487
-0.1917044130230519
0.02340223145945509
-0.08814018767138712
0.02139007277230531
-0.1421581941867756
0.02064589249278191
-0.2716909022273699
0.03156307830598429
-0.228367744432212
0.03409903436816678
-0.2289052877712605
0.03458654345910787
-0.2185146290204307
0.03318088385453741
-0.2561991364983905
0.0242775240618131
-0.1935458635649248
0.02488099925707798
-0.1841794615021229
0.02310490430137563
-0.2651733205675446
0.03182013358708285
-0.2313042597366763
0.03333606961570135
-0.2403450920063488
0.03079598538292857
-0.2706183117123285
0.02245897375216852
-0.2838502860031532
0.02630751121709009
-0.2770859401866818
0.02548623387067919
-0.289035011269354
0.02727163688019905
-0.2598441472346929
0.03038203944912134
-0.1844912441035622
0.03909804840075615
-0.1238528401301258
0.03978075470690234
-0.02913608984455524
0.04020714910097323
-0.1338986883102974
0.03463381680000088
-0.2227824221506548
0.02177286280831725
-0.2883070982924015
0.03004628973571111
-0.2267992315322934
0.03432920454387806
-0.2258695638008186
0.03185764148114617
-0.2699231080917079
0.02092769212427796
-0.1527873942131975
0.02272715905571164
-0.2524570829835422
0.03457724517339171
-0.1968570725951583
0.03672594700721465
-0.1976752838201788
0.03587243634427734
-0.2205588597801365
0.0306770479089935
-0.289700265595929
-0.03006579216295138
0.01375417178128308
-0.008324315251020425
0.02811416279629553
0.002759488617763303
0.04034642423263463
-0.005146130842581698
0.04024516233245535
-0.1710047475325616
0.03631374228829326
-0.2399610817109386
0.02282645510582729
-0.2863654085458203
0.02488666856135824
-0.286525317687461
0.02274662970721289
-0.1653673518960545
0.04015061237263964
-0.02385745087406604
0.04011048526048858
-0.09632649108071352
-0.06355616063273405
0.01634667390145976
-0.2635501476020594
0.0274057311220651
-0.2491150559143655
0.03286909286576972
-0.2307280418547727
0.03247421643908151
-0.2556640516044948
0.02769893814939581
-0.2894173243348274
0.02434573271203402
-0.2867503935682221
0.02321287623219975
-0.2529119374820759
0.02596694133045163
-0.2612063115082034
0.03099939261659812
-0.2472834073691439
0.03038418762656808
-0.2693113883150791
0.03163858346405893
0.04034378890085358
0.03645548216814878
0.04034987312388283
0.02939050605904645
0.04034948366297308
-0.2399372871292568
-0.2313160139473546
0.01745493092671596
-0.1162465464792106
0.0162191672794669
-0.1518082816239848
0.04015963386219584
0.02015436758415623
0.04035099113698452
0.005430388458107463
0.04035099194804892
0.02027066103063994
0.04016720516896835
0.007875277096618172
0.04034238382058958
-0.04503171048738586
-0.1741203692884497
-0.2055132630557538
0.01701956958841697
-0.1115254640052074
-0.2456531630860291
0.03906494078274264
-0.1249127344085187
0.03975276765974501
-0.1315324180346319
0.03843499236222701
-0.2134755797883241
0.02390648520665196
-0.1204361436002909
0.02585947554783329
-0.2021731870738351
0.02447932831836558
-0.2578673762400812
0.03272289660938379
-0.2245129155319328
0.03388875302584048
-0.2613076196645823
0.03039236859249055
-0.2554301950063618
0.02798504311725074
-0.2373637540281304
0.03472028473329625
-0.20771072578894
0.03506055566923647
-0.2297099188207849
0.02967374040399748
-0.2847724899357655
-0.2887788896909107
-0.2887217121222108
0.02794783467618275
-0.2548526696400424
0.03116281553114789
-0.2514083912409307
0.03496848691652751
-0.1902032372267011
0.0372512967908338
-0.2658698199111515
0.02373994659471967
-0.04195906466767454
0.0165750707189381
0.008722047186763032
0.0134175571626963
-0.2593070073224221
-0.2881301492176987
0.03511535210297773
-0.1571036217452497
0.03955271991448728
-0.1184109777854648
0.03973140388342816
-0.1409928928496336
0.03727033177687483
-0.2031207095913043
-0.1373779473519399
0.01574720810429217
-0.1013442146272222
-0.2774436180064056
0.03520473672277461
-0.1643978405652727
0.03918963126212277
-0.1333434632939863
0.03919350176010818
-0.107588938364042
0.0194294007434091
-0.2713647974350741
0.03227202740596102
-0.2181414722889916
0.03531185486256072
-0.2132154442084319
0.03660215660412469
-0.1857488467424021
0.03652155658663725
-0.2156423407852112
0.03063052809574196
-0.2800603504064227
0.02916356150654217
-0.2657973042522588
0.0266541872543189
-0.2886621698613252
0.02510123652919954
-0.2800952984440532
0.02915249359409151
-0.251127881995666
0.03112603863747421
-0.261810707696101
0.02555937249531921
-0.2421145910297186
0.03022572550863156
-0.2049913253452701
0.03720145217162865
-0.2314533551111147
0.02292578694815459
-0.1254008239846565
0.02859763212252869
-0.2262790861937493
0.03605241803848251
-0.2670607996137225
-0.04029849635737008
0.0144142463613115
-0.06153648049911885
-0.2860668107472984
0.03228577901933487
-0.2025648398000415
0.03727129784637859
-0.1839529380117237
0.03599007042616092
-0.2330633825687076
0.02648535752599424
-0.2009620602574668
0.0255687563172553
-0.1487315523782534
0.01894166991754091
-0.03420540277135824
0.01681312036589026
-0.2526332809839605
0.03638764761883548
-0.1600405270648913
0.03907424191385031
-0.1429063327419088
0.03914394439466656
-0.1558372986409862
0.03686913653794727
-0.2431170496310483
0.01817260484425768
-0.04959877866038993
0.01578107101306759
-0.244892560125369
-0.2793660223326834
0.03833568074030938
-0.1695208922127713
0.03652792864512479
-0.2353507240698214
0.02395619211405453
-0.1514907820118733
0.01996958951276669
-0.2838866738569958
0.02820972153922188
-0.2352696308224225
1026
1
262153
3
dim
13
2
1001
3
254
254
